surah_number,ayah_number,tafsir_text
22,1,"{ يٰأَيُّهَا ٱلنَّاسُ ٱتَّقُواْ رَبَّكُمْ } [الحج: 1] يشير إلى أن من نسي الله تعالى واشتغل بما دونه عنه بقوله تعالى: { ٱتَّقُواْ رَبَّكُمْ } [الحج: 1] عمَّا سواه كما يقال: اتقى فلان بنفسه { إِنَّ زَلْزَلَةَ ٱلسَّاعَةِ شَيْءٌ عَظِيمٌ } [الحج: 1] وهي: أن الساعة من عظم شأنها أن يكون فيها كل شيء هالك إلا وجهه بقوله تعالى: { يَوْمَ تَرَوْنَهَا تَذْهَلُ كُلُّ مُرْضِعَةٍ عَمَّآ أَرْضَعَتْ } [الحج: 2] يشير إلى: مواد الأشياء، فإن لكل شيء مادة وهي ملكوتة ترضع رضيعها من الملك، وذهولها عنه بهلاك استعدادها للإرضاع { وَتَضَعُ كُلُّ ذَاتِ حَمْلٍ حَمْلَهَا } [الحج: 2]، وهي ما يسمى هيولي، فإنها حاصل بالصورة؛ أي: يسقط حمل الصورة الشهادية بهلاك الهيولى.  وبقوله تعالى: { وَتَرَى ٱلنَّاسَ سُكَارَىٰ وَمَا هُم بِسُكَارَىٰ } [الحج: 2] يشير إلى أن ما يكون في القيامة مصوراً بصورة تناسب ذلك العلم إنما يكون متشابهاً بمصورات ما في الدنيا، وهو من عالم المعنى لا من عالم الصورة يدل عليه قراءة من قرأ: { وَتَرَى ٱلنَّاسَ سُكَارَىٰ } [الحج: 2] بضم التاء من الإراءة؛ أي: يرونهم سكارى بالصور { وَمَا هُم بِسُكَارَىٰ } [الحج: 2] في الحقيقة نظيره قوله تعالى: [البقرة: 25].  وقال ابن عباس - رضي الله عنهما -: لا يشبه شيء في الجنة شيئاً مما في الدنيا إلا بالاسم، فترى فيها في صورة ما في الدنيا، ولا تكون حقيقته مثل حقيقته: * فمن الناس: من يكون سكره من الغفلة والعصيان.  * ومنهم: من يكون سكره من شراب حب الدنيا وشهواتها.  * ومنهم: من يكون سكره من شراب التنعم.  * ومنهم: من يكون سكره من شراب الحكم والسلطنة.  * ومنهم: من يكون سكره من شراب ذوق الطاعة.  * ومنهم: من يكون سكره من شراب لذة العلم.  * ومنهم: من يكون سكره الشوق.  * ومنهم: من يكون سكره من شراب المحبة.  * ومنهم: من يكون سكره من شراب الوصال.  * ومنهم: من يكون سكره من شراب المعرفة.  * ومنهم: من يكون سكره من شراب المحبية والمحبوبية كما قال بعضهم: لي سكرتان وللندمان واحدة شيء خصصت به من دونهم وحدي، ولكن عذاب الله شديد:  * فمن الناس من يعذب بنار الفراق.  * ومنهم: من يعذب بناء الاشتياق.  * ومنهم: من يعذب بنار شواهد بعظام مألوفاته الدنياوية من نار جهنم.  * ومنهم: من بعذب بنار القطيعة.  * ومنهم: من يعذب بنار شواهد [طه: 10].  * ومنهم: من يعذب بنار نور تجلي صفة الجمال.  * ومنهم: من يعذب باستيلاء نار تجلي صفة الجلال إذا مسته النار بدلاً عمَّن لم تمسسه نار.  * ومنهم: من يعذب بنار الفناء في النار والبقاء بالنار كقوله تعالى:  [النمل: 8] وكانت استعاضة النبي صلى الله عليه وسلم بقوله: "" كلميني يا حميراء "" من فوران ثائرة هذه النار وهيجانها، والله أعلم.  ثم أخبر عن معاملة أرباب المجادلة بقوله تعالى: [لقمان: 20] يشير إلى أن من يجادل في الله ما له علم بالله ولا معرفة به، وإلا لم يجادل فيه ويستسلم له، وإنما يجادل في الله؛ لأنه { وَيَتَّبِعُ كُلَّ شَيْطَانٍ مَّرِيدٍ } [الحج: 3] من شياطين الجن والإنس.  وبقوله تعالى: { كُتِبَ عَلَيْهِ أَنَّهُ مَن تَوَلاَّهُ فَأَنَّهُ يُضِلُّهُ وَيَهْدِيهِ إِلَىٰ عَذَابِ ٱلسَّعِيرِ } [الحج: 4] يشير إلى أنه قد قضى الله سبحانه على كل شيطان من الجن والإنس أن من يتبعه ويتولاه فإنه يضله على الصراط المستقيم والدين القويم؛ فأمَّا الشيطان الجني، فبالوسواس والتسويلات وإلقاء الشبهة، وأمَّا الشيطان الإنسي، فبإيقاعه في مذاهب أهل الأهواء والبدع، والفلاسفة والزنادقة المنكرين البعث، والمستدلين بالبراهين المعقولة المشوبة بشوائب الوهم والخيال وظلمة الطبيعة، فيستدل بشبهتهم ويستدل بعقائدهم حتى يصير من جملتهم، ويعد في زمرتهم كما قال الله تعالى: [المائدة: 51] ويهديه بها الاستدلالات والشبهات إلى عذاب السعير والقطيعة والحرمان.  وبقوله تعالى: { يٰأَيُّهَا ٱلنَّاسُ إِن كُنتُمْ فِي رَيْبٍ مِّنَ ٱلْبَعْثِ فَإِنَّا خَلَقْنَاكُمْ مِّن تُرَابٍ ثُمَّ مِن نُّطْفَةٍ ثُمَّ مِنْ عَلَقَةٍ ثُمَّ مِن مُّضْغَةٍ مُّخَلَّقَةٍ وَغَيْرِ مُخَلَّقَةٍ } [الحج: 5] يشير إلى ناس قد نسي خلقه وأنكر البعث كما قال تعالى: [يس: 78].  ثم استدل على البعث بقوله تعالى: { فَإِنَّا خَلَقْنَاكُمْ } [الحج: 5] منها { مِّن تُرَابٍ } [الحج: 5] أي: كنتم تراباً ميتاً، فبعثنا بأن خلقنا منه آدم حياً، ثم بعثنا منه النطفة، ثم بعثناها بأنَّا خلقنا منها العلقة، ثم بعثناها بأن خلقناها مضغة، ثم بعثناها بأن خلقناها مخلقة؛ أي منفوخة فيها الروح، وغير مخلقة؛ أي: صورة لا روح فيها { لِّنُبَيِّنَ لَكُمْ } [الحج: 5] أمر البعث والنشور.  { وَنُقِرُّ فِي ٱلأَرْحَامِ مَا نَشَآءُ إِلَىٰ أَجَلٍ مُّسَمًّى } [الحج: 5] فيه إشارة إلى أن أطفال المكونات كانوا في أرحام أمهات العدم مقرين بتقرير الحق إياهم فيه، ولكل خارج منها أجل مسمى بالإرادة القديمة والحكمة الأزلية، فلا يخرج طفل مكون من رحم العدم إلا بمشيئة الله أوان أجله، وهذا رد على الفلاسفة فإنهم يقولون بقدم العالم ويستدلون في ذلك هل كان لله في الأزل أسباب الإلهية في إيجاد العالم بالكمال أم لا؟  وإن قلنا: لم تكن، فقد أثبتنا له نقاصاً، فالناقص لا يصلح للإلهية، وإن قلنا: قد كان له أسباب الإلهية بالكمال فلا مانع فقد لزم إيجاد العالم في الأزل بلا تقدم زماني للصانع على المصنوع، بل بتقدم رتبتي فنقول في جوابهم: إن الآية تدل على أن الله تعالى كان في الأزل بلا تقدم ولم يكن معه شيء، وكان قادراً على إيجاد ما يشاء كيف يشاء، ولكن الإرادة الأزلية اقتضت بالحكمة الأزلية أجلاً مسمى بإخراج طفل العالم من رحم العدم أوان أجله، وإن لم يكن قبل وجود العالم أوان، وإنما كان مقدراً لأوان في أيام الله تعالى التي لم يكن لها صباح ولا مساء كما قال الله تعالى:  [إبراهيم: 5].  وبقوله تعالى: { ثُمَّ نُخْرِجُكُمْ طِفْلاً ثُمَّ لِتَبْلُغُوۤاْ أَشُدَّكُمْ } [الحج: 5] يشير إلى أن كل طفل من أطفال المكونات يخرج من رحم العدم مستعداً للتربية وله كمال يبلغه بالتدريج { وَمِنكُمْ مَّن يُتَوَفَّىٰ } [الحج: 5] أي: من المكونات ما ينعدم قبل بلوغ كماله { وَمِنكُمْ مَّن يُرَدُّ إِلَىٰ أَرْذَلِ ٱلْعُمُرِ } [الحج: 5] أي: ومنها ما يبلغ حد كمالهم يتجاوز عن حد الكمال فيؤول إلى ضد الكمال لئلا يبقى فيه من أوصاف الكمال شيء، وذلك معنى قوله تعالى: { وَتَرَى ٱلأَرْضَ هَامِدَةً } [الحج: 5].  { لِكَيْلاَ يَعْلَمَ مِن بَعْدِ عِلْمٍ شَيْئاً } [الحج: 5] ثم شرح حال تربية طفل من المكونات إلى أن يبلغ حد كماله فبقوله تعالى: { وَتَرَى ٱلأَرْضَ هَامِدَةً } [الحج: 5] أي: طفل الأرض قطفة ميتة، فإذا أنزلنا عليها الماء ماء القدرة والحياة { فَإِذَآ أَنزَلْنَا عَلَيْهَا ٱلْمَآءَ ٱهْتَزَّتْ وَرَبَتْ } [الحج: 5] بالتربية { وَأَنبَتَتْ مِن كُلِّ زَوْجٍ بَهِيجٍ } [الحج: 5] وهو حد كماله."
22,2,"{ يٰأَيُّهَا ٱلنَّاسُ ٱتَّقُواْ رَبَّكُمْ } [الحج: 1] يشير إلى أن من نسي الله تعالى واشتغل بما دونه عنه بقوله تعالى: { ٱتَّقُواْ رَبَّكُمْ } [الحج: 1] عمَّا سواه كما يقال: اتقى فلان بنفسه { إِنَّ زَلْزَلَةَ ٱلسَّاعَةِ شَيْءٌ عَظِيمٌ } [الحج: 1] وهي: أن الساعة من عظم شأنها أن يكون فيها كل شيء هالك إلا وجهه بقوله تعالى: { يَوْمَ تَرَوْنَهَا تَذْهَلُ كُلُّ مُرْضِعَةٍ عَمَّآ أَرْضَعَتْ } [الحج: 2] يشير إلى: مواد الأشياء، فإن لكل شيء مادة وهي ملكوتة ترضع رضيعها من الملك، وذهولها عنه بهلاك استعدادها للإرضاع { وَتَضَعُ كُلُّ ذَاتِ حَمْلٍ حَمْلَهَا } [الحج: 2]، وهي ما يسمى هيولي، فإنها حاصل بالصورة؛ أي: يسقط حمل الصورة الشهادية بهلاك الهيولى.  وبقوله تعالى: { وَتَرَى ٱلنَّاسَ سُكَارَىٰ وَمَا هُم بِسُكَارَىٰ } [الحج: 2] يشير إلى أن ما يكون في القيامة مصوراً بصورة تناسب ذلك العلم إنما يكون متشابهاً بمصورات ما في الدنيا، وهو من عالم المعنى لا من عالم الصورة يدل عليه قراءة من قرأ: { وَتَرَى ٱلنَّاسَ سُكَارَىٰ } [الحج: 2] بضم التاء من الإراءة؛ أي: يرونهم سكارى بالصور { وَمَا هُم بِسُكَارَىٰ } [الحج: 2] في الحقيقة نظيره قوله تعالى: [البقرة: 25].  وقال ابن عباس - رضي الله عنهما -: لا يشبه شيء في الجنة شيئاً مما في الدنيا إلا بالاسم، فترى فيها في صورة ما في الدنيا، ولا تكون حقيقته مثل حقيقته: * فمن الناس: من يكون سكره من الغفلة والعصيان.  * ومنهم: من يكون سكره من شراب حب الدنيا وشهواتها.  * ومنهم: من يكون سكره من شراب التنعم.  * ومنهم: من يكون سكره من شراب الحكم والسلطنة.  * ومنهم: من يكون سكره من شراب ذوق الطاعة.  * ومنهم: من يكون سكره من شراب لذة العلم.  * ومنهم: من يكون سكره الشوق.  * ومنهم: من يكون سكره من شراب المحبة.  * ومنهم: من يكون سكره من شراب الوصال.  * ومنهم: من يكون سكره من شراب المعرفة.  * ومنهم: من يكون سكره من شراب المحبية والمحبوبية كما قال بعضهم: لي سكرتان وللندمان واحدة شيء خصصت به من دونهم وحدي، ولكن عذاب الله شديد:  * فمن الناس من يعذب بنار الفراق.  * ومنهم: من يعذب بناء الاشتياق.  * ومنهم: من يعذب بنار شواهد بعظام مألوفاته الدنياوية من نار جهنم.  * ومنهم: من بعذب بنار القطيعة.  * ومنهم: من يعذب بنار شواهد [طه: 10].  * ومنهم: من يعذب بنار نور تجلي صفة الجمال.  * ومنهم: من يعذب باستيلاء نار تجلي صفة الجلال إذا مسته النار بدلاً عمَّن لم تمسسه نار.  * ومنهم: من يعذب بنار الفناء في النار والبقاء بالنار كقوله تعالى:  [النمل: 8] وكانت استعاضة النبي صلى الله عليه وسلم بقوله: "" كلميني يا حميراء "" من فوران ثائرة هذه النار وهيجانها، والله أعلم.  ثم أخبر عن معاملة أرباب المجادلة بقوله تعالى: [لقمان: 20] يشير إلى أن من يجادل في الله ما له علم بالله ولا معرفة به، وإلا لم يجادل فيه ويستسلم له، وإنما يجادل في الله؛ لأنه { وَيَتَّبِعُ كُلَّ شَيْطَانٍ مَّرِيدٍ } [الحج: 3] من شياطين الجن والإنس.  وبقوله تعالى: { كُتِبَ عَلَيْهِ أَنَّهُ مَن تَوَلاَّهُ فَأَنَّهُ يُضِلُّهُ وَيَهْدِيهِ إِلَىٰ عَذَابِ ٱلسَّعِيرِ } [الحج: 4] يشير إلى أنه قد قضى الله سبحانه على كل شيطان من الجن والإنس أن من يتبعه ويتولاه فإنه يضله على الصراط المستقيم والدين القويم؛ فأمَّا الشيطان الجني، فبالوسواس والتسويلات وإلقاء الشبهة، وأمَّا الشيطان الإنسي، فبإيقاعه في مذاهب أهل الأهواء والبدع، والفلاسفة والزنادقة المنكرين البعث، والمستدلين بالبراهين المعقولة المشوبة بشوائب الوهم والخيال وظلمة الطبيعة، فيستدل بشبهتهم ويستدل بعقائدهم حتى يصير من جملتهم، ويعد في زمرتهم كما قال الله تعالى: [المائدة: 51] ويهديه بها الاستدلالات والشبهات إلى عذاب السعير والقطيعة والحرمان.  وبقوله تعالى: { يٰأَيُّهَا ٱلنَّاسُ إِن كُنتُمْ فِي رَيْبٍ مِّنَ ٱلْبَعْثِ فَإِنَّا خَلَقْنَاكُمْ مِّن تُرَابٍ ثُمَّ مِن نُّطْفَةٍ ثُمَّ مِنْ عَلَقَةٍ ثُمَّ مِن مُّضْغَةٍ مُّخَلَّقَةٍ وَغَيْرِ مُخَلَّقَةٍ } [الحج: 5] يشير إلى ناس قد نسي خلقه وأنكر البعث كما قال تعالى: [يس: 78].  ثم استدل على البعث بقوله تعالى: { فَإِنَّا خَلَقْنَاكُمْ } [الحج: 5] منها { مِّن تُرَابٍ } [الحج: 5] أي: كنتم تراباً ميتاً، فبعثنا بأن خلقنا منه آدم حياً، ثم بعثنا منه النطفة، ثم بعثناها بأنَّا خلقنا منها العلقة، ثم بعثناها بأن خلقناها مضغة، ثم بعثناها بأن خلقناها مخلقة؛ أي منفوخة فيها الروح، وغير مخلقة؛ أي: صورة لا روح فيها { لِّنُبَيِّنَ لَكُمْ } [الحج: 5] أمر البعث والنشور.  { وَنُقِرُّ فِي ٱلأَرْحَامِ مَا نَشَآءُ إِلَىٰ أَجَلٍ مُّسَمًّى } [الحج: 5] فيه إشارة إلى أن أطفال المكونات كانوا في أرحام أمهات العدم مقرين بتقرير الحق إياهم فيه، ولكل خارج منها أجل مسمى بالإرادة القديمة والحكمة الأزلية، فلا يخرج طفل مكون من رحم العدم إلا بمشيئة الله أوان أجله، وهذا رد على الفلاسفة فإنهم يقولون بقدم العالم ويستدلون في ذلك هل كان لله في الأزل أسباب الإلهية في إيجاد العالم بالكمال أم لا؟  وإن قلنا: لم تكن، فقد أثبتنا له نقاصاً، فالناقص لا يصلح للإلهية، وإن قلنا: قد كان له أسباب الإلهية بالكمال فلا مانع فقد لزم إيجاد العالم في الأزل بلا تقدم زماني للصانع على المصنوع، بل بتقدم رتبتي فنقول في جوابهم: إن الآية تدل على أن الله تعالى كان في الأزل بلا تقدم ولم يكن معه شيء، وكان قادراً على إيجاد ما يشاء كيف يشاء، ولكن الإرادة الأزلية اقتضت بالحكمة الأزلية أجلاً مسمى بإخراج طفل العالم من رحم العدم أوان أجله، وإن لم يكن قبل وجود العالم أوان، وإنما كان مقدراً لأوان في أيام الله تعالى التي لم يكن لها صباح ولا مساء كما قال الله تعالى:  [إبراهيم: 5].  وبقوله تعالى: { ثُمَّ نُخْرِجُكُمْ طِفْلاً ثُمَّ لِتَبْلُغُوۤاْ أَشُدَّكُمْ } [الحج: 5] يشير إلى أن كل طفل من أطفال المكونات يخرج من رحم العدم مستعداً للتربية وله كمال يبلغه بالتدريج { وَمِنكُمْ مَّن يُتَوَفَّىٰ } [الحج: 5] أي: من المكونات ما ينعدم قبل بلوغ كماله { وَمِنكُمْ مَّن يُرَدُّ إِلَىٰ أَرْذَلِ ٱلْعُمُرِ } [الحج: 5] أي: ومنها ما يبلغ حد كمالهم يتجاوز عن حد الكمال فيؤول إلى ضد الكمال لئلا يبقى فيه من أوصاف الكمال شيء، وذلك معنى قوله تعالى: { وَتَرَى ٱلأَرْضَ هَامِدَةً } [الحج: 5].  { لِكَيْلاَ يَعْلَمَ مِن بَعْدِ عِلْمٍ شَيْئاً } [الحج: 5] ثم شرح حال تربية طفل من المكونات إلى أن يبلغ حد كماله فبقوله تعالى: { وَتَرَى ٱلأَرْضَ هَامِدَةً } [الحج: 5] أي: طفل الأرض قطفة ميتة، فإذا أنزلنا عليها الماء ماء القدرة والحياة { فَإِذَآ أَنزَلْنَا عَلَيْهَا ٱلْمَآءَ ٱهْتَزَّتْ وَرَبَتْ } [الحج: 5] بالتربية { وَأَنبَتَتْ مِن كُلِّ زَوْجٍ بَهِيجٍ } [الحج: 5] وهو حد كماله."
22,3,"{ يٰأَيُّهَا ٱلنَّاسُ ٱتَّقُواْ رَبَّكُمْ } [الحج: 1] يشير إلى أن من نسي الله تعالى واشتغل بما دونه عنه بقوله تعالى: { ٱتَّقُواْ رَبَّكُمْ } [الحج: 1] عمَّا سواه كما يقال: اتقى فلان بنفسه { إِنَّ زَلْزَلَةَ ٱلسَّاعَةِ شَيْءٌ عَظِيمٌ } [الحج: 1] وهي: أن الساعة من عظم شأنها أن يكون فيها كل شيء هالك إلا وجهه بقوله تعالى: { يَوْمَ تَرَوْنَهَا تَذْهَلُ كُلُّ مُرْضِعَةٍ عَمَّآ أَرْضَعَتْ } [الحج: 2] يشير إلى: مواد الأشياء، فإن لكل شيء مادة وهي ملكوتة ترضع رضيعها من الملك، وذهولها عنه بهلاك استعدادها للإرضاع { وَتَضَعُ كُلُّ ذَاتِ حَمْلٍ حَمْلَهَا } [الحج: 2]، وهي ما يسمى هيولي، فإنها حاصل بالصورة؛ أي: يسقط حمل الصورة الشهادية بهلاك الهيولى.  وبقوله تعالى: { وَتَرَى ٱلنَّاسَ سُكَارَىٰ وَمَا هُم بِسُكَارَىٰ } [الحج: 2] يشير إلى أن ما يكون في القيامة مصوراً بصورة تناسب ذلك العلم إنما يكون متشابهاً بمصورات ما في الدنيا، وهو من عالم المعنى لا من عالم الصورة يدل عليه قراءة من قرأ: { وَتَرَى ٱلنَّاسَ سُكَارَىٰ } [الحج: 2] بضم التاء من الإراءة؛ أي: يرونهم سكارى بالصور { وَمَا هُم بِسُكَارَىٰ } [الحج: 2] في الحقيقة نظيره قوله تعالى: [البقرة: 25].  وقال ابن عباس - رضي الله عنهما -: لا يشبه شيء في الجنة شيئاً مما في الدنيا إلا بالاسم، فترى فيها في صورة ما في الدنيا، ولا تكون حقيقته مثل حقيقته: * فمن الناس: من يكون سكره من الغفلة والعصيان.  * ومنهم: من يكون سكره من شراب حب الدنيا وشهواتها.  * ومنهم: من يكون سكره من شراب التنعم.  * ومنهم: من يكون سكره من شراب الحكم والسلطنة.  * ومنهم: من يكون سكره من شراب ذوق الطاعة.  * ومنهم: من يكون سكره من شراب لذة العلم.  * ومنهم: من يكون سكره الشوق.  * ومنهم: من يكون سكره من شراب المحبة.  * ومنهم: من يكون سكره من شراب الوصال.  * ومنهم: من يكون سكره من شراب المعرفة.  * ومنهم: من يكون سكره من شراب المحبية والمحبوبية كما قال بعضهم: لي سكرتان وللندمان واحدة شيء خصصت به من دونهم وحدي، ولكن عذاب الله شديد:  * فمن الناس من يعذب بنار الفراق.  * ومنهم: من يعذب بناء الاشتياق.  * ومنهم: من يعذب بنار شواهد بعظام مألوفاته الدنياوية من نار جهنم.  * ومنهم: من بعذب بنار القطيعة.  * ومنهم: من يعذب بنار شواهد [طه: 10].  * ومنهم: من يعذب بنار نور تجلي صفة الجمال.  * ومنهم: من يعذب باستيلاء نار تجلي صفة الجلال إذا مسته النار بدلاً عمَّن لم تمسسه نار.  * ومنهم: من يعذب بنار الفناء في النار والبقاء بالنار كقوله تعالى:  [النمل: 8] وكانت استعاضة النبي صلى الله عليه وسلم بقوله: "" كلميني يا حميراء "" من فوران ثائرة هذه النار وهيجانها، والله أعلم.  ثم أخبر عن معاملة أرباب المجادلة بقوله تعالى: [لقمان: 20] يشير إلى أن من يجادل في الله ما له علم بالله ولا معرفة به، وإلا لم يجادل فيه ويستسلم له، وإنما يجادل في الله؛ لأنه { وَيَتَّبِعُ كُلَّ شَيْطَانٍ مَّرِيدٍ } [الحج: 3] من شياطين الجن والإنس.  وبقوله تعالى: { كُتِبَ عَلَيْهِ أَنَّهُ مَن تَوَلاَّهُ فَأَنَّهُ يُضِلُّهُ وَيَهْدِيهِ إِلَىٰ عَذَابِ ٱلسَّعِيرِ } [الحج: 4] يشير إلى أنه قد قضى الله سبحانه على كل شيطان من الجن والإنس أن من يتبعه ويتولاه فإنه يضله على الصراط المستقيم والدين القويم؛ فأمَّا الشيطان الجني، فبالوسواس والتسويلات وإلقاء الشبهة، وأمَّا الشيطان الإنسي، فبإيقاعه في مذاهب أهل الأهواء والبدع، والفلاسفة والزنادقة المنكرين البعث، والمستدلين بالبراهين المعقولة المشوبة بشوائب الوهم والخيال وظلمة الطبيعة، فيستدل بشبهتهم ويستدل بعقائدهم حتى يصير من جملتهم، ويعد في زمرتهم كما قال الله تعالى: [المائدة: 51] ويهديه بها الاستدلالات والشبهات إلى عذاب السعير والقطيعة والحرمان.  وبقوله تعالى: { يٰأَيُّهَا ٱلنَّاسُ إِن كُنتُمْ فِي رَيْبٍ مِّنَ ٱلْبَعْثِ فَإِنَّا خَلَقْنَاكُمْ مِّن تُرَابٍ ثُمَّ مِن نُّطْفَةٍ ثُمَّ مِنْ عَلَقَةٍ ثُمَّ مِن مُّضْغَةٍ مُّخَلَّقَةٍ وَغَيْرِ مُخَلَّقَةٍ } [الحج: 5] يشير إلى ناس قد نسي خلقه وأنكر البعث كما قال تعالى: [يس: 78].  ثم استدل على البعث بقوله تعالى: { فَإِنَّا خَلَقْنَاكُمْ } [الحج: 5] منها { مِّن تُرَابٍ } [الحج: 5] أي: كنتم تراباً ميتاً، فبعثنا بأن خلقنا منه آدم حياً، ثم بعثنا منه النطفة، ثم بعثناها بأنَّا خلقنا منها العلقة، ثم بعثناها بأن خلقناها مضغة، ثم بعثناها بأن خلقناها مخلقة؛ أي منفوخة فيها الروح، وغير مخلقة؛ أي: صورة لا روح فيها { لِّنُبَيِّنَ لَكُمْ } [الحج: 5] أمر البعث والنشور.  { وَنُقِرُّ فِي ٱلأَرْحَامِ مَا نَشَآءُ إِلَىٰ أَجَلٍ مُّسَمًّى } [الحج: 5] فيه إشارة إلى أن أطفال المكونات كانوا في أرحام أمهات العدم مقرين بتقرير الحق إياهم فيه، ولكل خارج منها أجل مسمى بالإرادة القديمة والحكمة الأزلية، فلا يخرج طفل مكون من رحم العدم إلا بمشيئة الله أوان أجله، وهذا رد على الفلاسفة فإنهم يقولون بقدم العالم ويستدلون في ذلك هل كان لله في الأزل أسباب الإلهية في إيجاد العالم بالكمال أم لا؟  وإن قلنا: لم تكن، فقد أثبتنا له نقاصاً، فالناقص لا يصلح للإلهية، وإن قلنا: قد كان له أسباب الإلهية بالكمال فلا مانع فقد لزم إيجاد العالم في الأزل بلا تقدم زماني للصانع على المصنوع، بل بتقدم رتبتي فنقول في جوابهم: إن الآية تدل على أن الله تعالى كان في الأزل بلا تقدم ولم يكن معه شيء، وكان قادراً على إيجاد ما يشاء كيف يشاء، ولكن الإرادة الأزلية اقتضت بالحكمة الأزلية أجلاً مسمى بإخراج طفل العالم من رحم العدم أوان أجله، وإن لم يكن قبل وجود العالم أوان، وإنما كان مقدراً لأوان في أيام الله تعالى التي لم يكن لها صباح ولا مساء كما قال الله تعالى:  [إبراهيم: 5].  وبقوله تعالى: { ثُمَّ نُخْرِجُكُمْ طِفْلاً ثُمَّ لِتَبْلُغُوۤاْ أَشُدَّكُمْ } [الحج: 5] يشير إلى أن كل طفل من أطفال المكونات يخرج من رحم العدم مستعداً للتربية وله كمال يبلغه بالتدريج { وَمِنكُمْ مَّن يُتَوَفَّىٰ } [الحج: 5] أي: من المكونات ما ينعدم قبل بلوغ كماله { وَمِنكُمْ مَّن يُرَدُّ إِلَىٰ أَرْذَلِ ٱلْعُمُرِ } [الحج: 5] أي: ومنها ما يبلغ حد كمالهم يتجاوز عن حد الكمال فيؤول إلى ضد الكمال لئلا يبقى فيه من أوصاف الكمال شيء، وذلك معنى قوله تعالى: { وَتَرَى ٱلأَرْضَ هَامِدَةً } [الحج: 5].  { لِكَيْلاَ يَعْلَمَ مِن بَعْدِ عِلْمٍ شَيْئاً } [الحج: 5] ثم شرح حال تربية طفل من المكونات إلى أن يبلغ حد كماله فبقوله تعالى: { وَتَرَى ٱلأَرْضَ هَامِدَةً } [الحج: 5] أي: طفل الأرض قطفة ميتة، فإذا أنزلنا عليها الماء ماء القدرة والحياة { فَإِذَآ أَنزَلْنَا عَلَيْهَا ٱلْمَآءَ ٱهْتَزَّتْ وَرَبَتْ } [الحج: 5] بالتربية { وَأَنبَتَتْ مِن كُلِّ زَوْجٍ بَهِيجٍ } [الحج: 5] وهو حد كماله."
22,4,"{ يٰأَيُّهَا ٱلنَّاسُ ٱتَّقُواْ رَبَّكُمْ } [الحج: 1] يشير إلى أن من نسي الله تعالى واشتغل بما دونه عنه بقوله تعالى: { ٱتَّقُواْ رَبَّكُمْ } [الحج: 1] عمَّا سواه كما يقال: اتقى فلان بنفسه { إِنَّ زَلْزَلَةَ ٱلسَّاعَةِ شَيْءٌ عَظِيمٌ } [الحج: 1] وهي: أن الساعة من عظم شأنها أن يكون فيها كل شيء هالك إلا وجهه بقوله تعالى: { يَوْمَ تَرَوْنَهَا تَذْهَلُ كُلُّ مُرْضِعَةٍ عَمَّآ أَرْضَعَتْ } [الحج: 2] يشير إلى: مواد الأشياء، فإن لكل شيء مادة وهي ملكوتة ترضع رضيعها من الملك، وذهولها عنه بهلاك استعدادها للإرضاع { وَتَضَعُ كُلُّ ذَاتِ حَمْلٍ حَمْلَهَا } [الحج: 2]، وهي ما يسمى هيولي، فإنها حاصل بالصورة؛ أي: يسقط حمل الصورة الشهادية بهلاك الهيولى.  وبقوله تعالى: { وَتَرَى ٱلنَّاسَ سُكَارَىٰ وَمَا هُم بِسُكَارَىٰ } [الحج: 2] يشير إلى أن ما يكون في القيامة مصوراً بصورة تناسب ذلك العلم إنما يكون متشابهاً بمصورات ما في الدنيا، وهو من عالم المعنى لا من عالم الصورة يدل عليه قراءة من قرأ: { وَتَرَى ٱلنَّاسَ سُكَارَىٰ } [الحج: 2] بضم التاء من الإراءة؛ أي: يرونهم سكارى بالصور { وَمَا هُم بِسُكَارَىٰ } [الحج: 2] في الحقيقة نظيره قوله تعالى: [البقرة: 25].  وقال ابن عباس - رضي الله عنهما -: لا يشبه شيء في الجنة شيئاً مما في الدنيا إلا بالاسم، فترى فيها في صورة ما في الدنيا، ولا تكون حقيقته مثل حقيقته: * فمن الناس: من يكون سكره من الغفلة والعصيان.  * ومنهم: من يكون سكره من شراب حب الدنيا وشهواتها.  * ومنهم: من يكون سكره من شراب التنعم.  * ومنهم: من يكون سكره من شراب الحكم والسلطنة.  * ومنهم: من يكون سكره من شراب ذوق الطاعة.  * ومنهم: من يكون سكره من شراب لذة العلم.  * ومنهم: من يكون سكره الشوق.  * ومنهم: من يكون سكره من شراب المحبة.  * ومنهم: من يكون سكره من شراب الوصال.  * ومنهم: من يكون سكره من شراب المعرفة.  * ومنهم: من يكون سكره من شراب المحبية والمحبوبية كما قال بعضهم: لي سكرتان وللندمان واحدة شيء خصصت به من دونهم وحدي، ولكن عذاب الله شديد:  * فمن الناس من يعذب بنار الفراق.  * ومنهم: من يعذب بناء الاشتياق.  * ومنهم: من يعذب بنار شواهد بعظام مألوفاته الدنياوية من نار جهنم.  * ومنهم: من بعذب بنار القطيعة.  * ومنهم: من يعذب بنار شواهد [طه: 10].  * ومنهم: من يعذب بنار نور تجلي صفة الجمال.  * ومنهم: من يعذب باستيلاء نار تجلي صفة الجلال إذا مسته النار بدلاً عمَّن لم تمسسه نار.  * ومنهم: من يعذب بنار الفناء في النار والبقاء بالنار كقوله تعالى:  [النمل: 8] وكانت استعاضة النبي صلى الله عليه وسلم بقوله: "" كلميني يا حميراء "" من فوران ثائرة هذه النار وهيجانها، والله أعلم.  ثم أخبر عن معاملة أرباب المجادلة بقوله تعالى: [لقمان: 20] يشير إلى أن من يجادل في الله ما له علم بالله ولا معرفة به، وإلا لم يجادل فيه ويستسلم له، وإنما يجادل في الله؛ لأنه { وَيَتَّبِعُ كُلَّ شَيْطَانٍ مَّرِيدٍ } [الحج: 3] من شياطين الجن والإنس.  وبقوله تعالى: { كُتِبَ عَلَيْهِ أَنَّهُ مَن تَوَلاَّهُ فَأَنَّهُ يُضِلُّهُ وَيَهْدِيهِ إِلَىٰ عَذَابِ ٱلسَّعِيرِ } [الحج: 4] يشير إلى أنه قد قضى الله سبحانه على كل شيطان من الجن والإنس أن من يتبعه ويتولاه فإنه يضله على الصراط المستقيم والدين القويم؛ فأمَّا الشيطان الجني، فبالوسواس والتسويلات وإلقاء الشبهة، وأمَّا الشيطان الإنسي، فبإيقاعه في مذاهب أهل الأهواء والبدع، والفلاسفة والزنادقة المنكرين البعث، والمستدلين بالبراهين المعقولة المشوبة بشوائب الوهم والخيال وظلمة الطبيعة، فيستدل بشبهتهم ويستدل بعقائدهم حتى يصير من جملتهم، ويعد في زمرتهم كما قال الله تعالى: [المائدة: 51] ويهديه بها الاستدلالات والشبهات إلى عذاب السعير والقطيعة والحرمان.  وبقوله تعالى: { يٰأَيُّهَا ٱلنَّاسُ إِن كُنتُمْ فِي رَيْبٍ مِّنَ ٱلْبَعْثِ فَإِنَّا خَلَقْنَاكُمْ مِّن تُرَابٍ ثُمَّ مِن نُّطْفَةٍ ثُمَّ مِنْ عَلَقَةٍ ثُمَّ مِن مُّضْغَةٍ مُّخَلَّقَةٍ وَغَيْرِ مُخَلَّقَةٍ } [الحج: 5] يشير إلى ناس قد نسي خلقه وأنكر البعث كما قال تعالى: [يس: 78].  ثم استدل على البعث بقوله تعالى: { فَإِنَّا خَلَقْنَاكُمْ } [الحج: 5] منها { مِّن تُرَابٍ } [الحج: 5] أي: كنتم تراباً ميتاً، فبعثنا بأن خلقنا منه آدم حياً، ثم بعثنا منه النطفة، ثم بعثناها بأنَّا خلقنا منها العلقة، ثم بعثناها بأن خلقناها مضغة، ثم بعثناها بأن خلقناها مخلقة؛ أي منفوخة فيها الروح، وغير مخلقة؛ أي: صورة لا روح فيها { لِّنُبَيِّنَ لَكُمْ } [الحج: 5] أمر البعث والنشور.  { وَنُقِرُّ فِي ٱلأَرْحَامِ مَا نَشَآءُ إِلَىٰ أَجَلٍ مُّسَمًّى } [الحج: 5] فيه إشارة إلى أن أطفال المكونات كانوا في أرحام أمهات العدم مقرين بتقرير الحق إياهم فيه، ولكل خارج منها أجل مسمى بالإرادة القديمة والحكمة الأزلية، فلا يخرج طفل مكون من رحم العدم إلا بمشيئة الله أوان أجله، وهذا رد على الفلاسفة فإنهم يقولون بقدم العالم ويستدلون في ذلك هل كان لله في الأزل أسباب الإلهية في إيجاد العالم بالكمال أم لا؟  وإن قلنا: لم تكن، فقد أثبتنا له نقاصاً، فالناقص لا يصلح للإلهية، وإن قلنا: قد كان له أسباب الإلهية بالكمال فلا مانع فقد لزم إيجاد العالم في الأزل بلا تقدم زماني للصانع على المصنوع، بل بتقدم رتبتي فنقول في جوابهم: إن الآية تدل على أن الله تعالى كان في الأزل بلا تقدم ولم يكن معه شيء، وكان قادراً على إيجاد ما يشاء كيف يشاء، ولكن الإرادة الأزلية اقتضت بالحكمة الأزلية أجلاً مسمى بإخراج طفل العالم من رحم العدم أوان أجله، وإن لم يكن قبل وجود العالم أوان، وإنما كان مقدراً لأوان في أيام الله تعالى التي لم يكن لها صباح ولا مساء كما قال الله تعالى:  [إبراهيم: 5].  وبقوله تعالى: { ثُمَّ نُخْرِجُكُمْ طِفْلاً ثُمَّ لِتَبْلُغُوۤاْ أَشُدَّكُمْ } [الحج: 5] يشير إلى أن كل طفل من أطفال المكونات يخرج من رحم العدم مستعداً للتربية وله كمال يبلغه بالتدريج { وَمِنكُمْ مَّن يُتَوَفَّىٰ } [الحج: 5] أي: من المكونات ما ينعدم قبل بلوغ كماله { وَمِنكُمْ مَّن يُرَدُّ إِلَىٰ أَرْذَلِ ٱلْعُمُرِ } [الحج: 5] أي: ومنها ما يبلغ حد كمالهم يتجاوز عن حد الكمال فيؤول إلى ضد الكمال لئلا يبقى فيه من أوصاف الكمال شيء، وذلك معنى قوله تعالى: { وَتَرَى ٱلأَرْضَ هَامِدَةً } [الحج: 5].  { لِكَيْلاَ يَعْلَمَ مِن بَعْدِ عِلْمٍ شَيْئاً } [الحج: 5] ثم شرح حال تربية طفل من المكونات إلى أن يبلغ حد كماله فبقوله تعالى: { وَتَرَى ٱلأَرْضَ هَامِدَةً } [الحج: 5] أي: طفل الأرض قطفة ميتة، فإذا أنزلنا عليها الماء ماء القدرة والحياة { فَإِذَآ أَنزَلْنَا عَلَيْهَا ٱلْمَآءَ ٱهْتَزَّتْ وَرَبَتْ } [الحج: 5] بالتربية { وَأَنبَتَتْ مِن كُلِّ زَوْجٍ بَهِيجٍ } [الحج: 5] وهو حد كماله."
22,5,"{ يٰأَيُّهَا ٱلنَّاسُ ٱتَّقُواْ رَبَّكُمْ } [الحج: 1] يشير إلى أن من نسي الله تعالى واشتغل بما دونه عنه بقوله تعالى: { ٱتَّقُواْ رَبَّكُمْ } [الحج: 1] عمَّا سواه كما يقال: اتقى فلان بنفسه { إِنَّ زَلْزَلَةَ ٱلسَّاعَةِ شَيْءٌ عَظِيمٌ } [الحج: 1] وهي: أن الساعة من عظم شأنها أن يكون فيها كل شيء هالك إلا وجهه بقوله تعالى: { يَوْمَ تَرَوْنَهَا تَذْهَلُ كُلُّ مُرْضِعَةٍ عَمَّآ أَرْضَعَتْ } [الحج: 2] يشير إلى: مواد الأشياء، فإن لكل شيء مادة وهي ملكوتة ترضع رضيعها من الملك، وذهولها عنه بهلاك استعدادها للإرضاع { وَتَضَعُ كُلُّ ذَاتِ حَمْلٍ حَمْلَهَا } [الحج: 2]، وهي ما يسمى هيولي، فإنها حاصل بالصورة؛ أي: يسقط حمل الصورة الشهادية بهلاك الهيولى.  وبقوله تعالى: { وَتَرَى ٱلنَّاسَ سُكَارَىٰ وَمَا هُم بِسُكَارَىٰ } [الحج: 2] يشير إلى أن ما يكون في القيامة مصوراً بصورة تناسب ذلك العلم إنما يكون متشابهاً بمصورات ما في الدنيا، وهو من عالم المعنى لا من عالم الصورة يدل عليه قراءة من قرأ: { وَتَرَى ٱلنَّاسَ سُكَارَىٰ } [الحج: 2] بضم التاء من الإراءة؛ أي: يرونهم سكارى بالصور { وَمَا هُم بِسُكَارَىٰ } [الحج: 2] في الحقيقة نظيره قوله تعالى: [البقرة: 25].  وقال ابن عباس - رضي الله عنهما -: لا يشبه شيء في الجنة شيئاً مما في الدنيا إلا بالاسم، فترى فيها في صورة ما في الدنيا، ولا تكون حقيقته مثل حقيقته: * فمن الناس: من يكون سكره من الغفلة والعصيان.  * ومنهم: من يكون سكره من شراب حب الدنيا وشهواتها.  * ومنهم: من يكون سكره من شراب التنعم.  * ومنهم: من يكون سكره من شراب الحكم والسلطنة.  * ومنهم: من يكون سكره من شراب ذوق الطاعة.  * ومنهم: من يكون سكره من شراب لذة العلم.  * ومنهم: من يكون سكره الشوق.  * ومنهم: من يكون سكره من شراب المحبة.  * ومنهم: من يكون سكره من شراب الوصال.  * ومنهم: من يكون سكره من شراب المعرفة.  * ومنهم: من يكون سكره من شراب المحبية والمحبوبية كما قال بعضهم: لي سكرتان وللندمان واحدة شيء خصصت به من دونهم وحدي، ولكن عذاب الله شديد:  * فمن الناس من يعذب بنار الفراق.  * ومنهم: من يعذب بناء الاشتياق.  * ومنهم: من يعذب بنار شواهد بعظام مألوفاته الدنياوية من نار جهنم.  * ومنهم: من بعذب بنار القطيعة.  * ومنهم: من يعذب بنار شواهد [طه: 10].  * ومنهم: من يعذب بنار نور تجلي صفة الجمال.  * ومنهم: من يعذب باستيلاء نار تجلي صفة الجلال إذا مسته النار بدلاً عمَّن لم تمسسه نار.  * ومنهم: من يعذب بنار الفناء في النار والبقاء بالنار كقوله تعالى:  [النمل: 8] وكانت استعاضة النبي صلى الله عليه وسلم بقوله: "" كلميني يا حميراء "" من فوران ثائرة هذه النار وهيجانها، والله أعلم.  ثم أخبر عن معاملة أرباب المجادلة بقوله تعالى: [لقمان: 20] يشير إلى أن من يجادل في الله ما له علم بالله ولا معرفة به، وإلا لم يجادل فيه ويستسلم له، وإنما يجادل في الله؛ لأنه { وَيَتَّبِعُ كُلَّ شَيْطَانٍ مَّرِيدٍ } [الحج: 3] من شياطين الجن والإنس.  وبقوله تعالى: { كُتِبَ عَلَيْهِ أَنَّهُ مَن تَوَلاَّهُ فَأَنَّهُ يُضِلُّهُ وَيَهْدِيهِ إِلَىٰ عَذَابِ ٱلسَّعِيرِ } [الحج: 4] يشير إلى أنه قد قضى الله سبحانه على كل شيطان من الجن والإنس أن من يتبعه ويتولاه فإنه يضله على الصراط المستقيم والدين القويم؛ فأمَّا الشيطان الجني، فبالوسواس والتسويلات وإلقاء الشبهة، وأمَّا الشيطان الإنسي، فبإيقاعه في مذاهب أهل الأهواء والبدع، والفلاسفة والزنادقة المنكرين البعث، والمستدلين بالبراهين المعقولة المشوبة بشوائب الوهم والخيال وظلمة الطبيعة، فيستدل بشبهتهم ويستدل بعقائدهم حتى يصير من جملتهم، ويعد في زمرتهم كما قال الله تعالى: [المائدة: 51] ويهديه بها الاستدلالات والشبهات إلى عذاب السعير والقطيعة والحرمان.  وبقوله تعالى: { يٰأَيُّهَا ٱلنَّاسُ إِن كُنتُمْ فِي رَيْبٍ مِّنَ ٱلْبَعْثِ فَإِنَّا خَلَقْنَاكُمْ مِّن تُرَابٍ ثُمَّ مِن نُّطْفَةٍ ثُمَّ مِنْ عَلَقَةٍ ثُمَّ مِن مُّضْغَةٍ مُّخَلَّقَةٍ وَغَيْرِ مُخَلَّقَةٍ } [الحج: 5] يشير إلى ناس قد نسي خلقه وأنكر البعث كما قال تعالى: [يس: 78].  ثم استدل على البعث بقوله تعالى: { فَإِنَّا خَلَقْنَاكُمْ } [الحج: 5] منها { مِّن تُرَابٍ } [الحج: 5] أي: كنتم تراباً ميتاً، فبعثنا بأن خلقنا منه آدم حياً، ثم بعثنا منه النطفة، ثم بعثناها بأنَّا خلقنا منها العلقة، ثم بعثناها بأن خلقناها مضغة، ثم بعثناها بأن خلقناها مخلقة؛ أي منفوخة فيها الروح، وغير مخلقة؛ أي: صورة لا روح فيها { لِّنُبَيِّنَ لَكُمْ } [الحج: 5] أمر البعث والنشور.  { وَنُقِرُّ فِي ٱلأَرْحَامِ مَا نَشَآءُ إِلَىٰ أَجَلٍ مُّسَمًّى } [الحج: 5] فيه إشارة إلى أن أطفال المكونات كانوا في أرحام أمهات العدم مقرين بتقرير الحق إياهم فيه، ولكل خارج منها أجل مسمى بالإرادة القديمة والحكمة الأزلية، فلا يخرج طفل مكون من رحم العدم إلا بمشيئة الله أوان أجله، وهذا رد على الفلاسفة فإنهم يقولون بقدم العالم ويستدلون في ذلك هل كان لله في الأزل أسباب الإلهية في إيجاد العالم بالكمال أم لا؟  وإن قلنا: لم تكن، فقد أثبتنا له نقاصاً، فالناقص لا يصلح للإلهية، وإن قلنا: قد كان له أسباب الإلهية بالكمال فلا مانع فقد لزم إيجاد العالم في الأزل بلا تقدم زماني للصانع على المصنوع، بل بتقدم رتبتي فنقول في جوابهم: إن الآية تدل على أن الله تعالى كان في الأزل بلا تقدم ولم يكن معه شيء، وكان قادراً على إيجاد ما يشاء كيف يشاء، ولكن الإرادة الأزلية اقتضت بالحكمة الأزلية أجلاً مسمى بإخراج طفل العالم من رحم العدم أوان أجله، وإن لم يكن قبل وجود العالم أوان، وإنما كان مقدراً لأوان في أيام الله تعالى التي لم يكن لها صباح ولا مساء كما قال الله تعالى:  [إبراهيم: 5].  وبقوله تعالى: { ثُمَّ نُخْرِجُكُمْ طِفْلاً ثُمَّ لِتَبْلُغُوۤاْ أَشُدَّكُمْ } [الحج: 5] يشير إلى أن كل طفل من أطفال المكونات يخرج من رحم العدم مستعداً للتربية وله كمال يبلغه بالتدريج { وَمِنكُمْ مَّن يُتَوَفَّىٰ } [الحج: 5] أي: من المكونات ما ينعدم قبل بلوغ كماله { وَمِنكُمْ مَّن يُرَدُّ إِلَىٰ أَرْذَلِ ٱلْعُمُرِ } [الحج: 5] أي: ومنها ما يبلغ حد كمالهم يتجاوز عن حد الكمال فيؤول إلى ضد الكمال لئلا يبقى فيه من أوصاف الكمال شيء، وذلك معنى قوله تعالى: { وَتَرَى ٱلأَرْضَ هَامِدَةً } [الحج: 5].  { لِكَيْلاَ يَعْلَمَ مِن بَعْدِ عِلْمٍ شَيْئاً } [الحج: 5] ثم شرح حال تربية طفل من المكونات إلى أن يبلغ حد كماله فبقوله تعالى: { وَتَرَى ٱلأَرْضَ هَامِدَةً } [الحج: 5] أي: طفل الأرض قطفة ميتة، فإذا أنزلنا عليها الماء ماء القدرة والحياة { فَإِذَآ أَنزَلْنَا عَلَيْهَا ٱلْمَآءَ ٱهْتَزَّتْ وَرَبَتْ } [الحج: 5] بالتربية { وَأَنبَتَتْ مِن كُلِّ زَوْجٍ بَهِيجٍ } [الحج: 5] وهو حد كماله."
22,6,"وفيه أنموذج من البعث، وذلك لعلموا { بِأَنَّ ٱللَّهَ هُوَ ٱلْحَقُّ } [الحج: 6] في الإلهية { وَأَنَّهُ يُحْيِـي ٱلْمَوْتَىٰ } [الحج: 6] كما أحيى ميتة الأرض الهامدة، وأنه على كل شيء قدير { وَأَنَّ ٱلسَّاعَةَ آتِيَةٌ لاَّ رَيْبَ فِيهَا } [الحج: 7] وهي أوان البعث { وَأَنَّ ٱللَّهَ يَبْعَثُ مَن فِي ٱلْقُبُورِ } [الحج: 7] فيه إشارة إلى: إنه تعالى باعث كل [مقبور] مقدر له بالخروج من قبور العدم.  ثم أخبر عن حرج ضلال أهل الجدال بقوله تعالى: { ومِنَ ٱلنَّاسِ مَن يُجَادِلُ فِي ٱللَّهِ بِغَيْرِ عِلْمٍ وَلاَ هُدًى } [الحج: 8] يشير إلى أن من الذاكرين من يجادل في معرفة الله، ودفع الشبهة، وبيان الطريق إلى الله تعالى بالعلم بالله عز وجل، وهدى بنبيه صلى الله عليه وسلم ويشاهد نص { وَلاَ كِتَابٍ مُّنِيرٍ } [الحج: 8] يظهر بنوره الحق من الباطل، فهو محمود كما أن جدال المنافق والمرائي، وأهل الأهواء والبدع المتكبر { ثَانِيَ عِطْفِهِ } [الحج: 9] عن الحق فيضل { لِيُضِلَّ عَن سَبِيلِ ٱللَّهِ } [الحج: 9] في عاقبة أمره، ويضل الخلق بالشبهات والتمويهات مذموم { لَهُ فِي ٱلدُّنْيَا خِزْيٌ } [الحج: 9] عند أهل البصيرة.  وبقوله تعالى: { وَنُذِيقُهُ يَوْمَ ٱلْقِيَامَةِ عَذَابَ ٱلْحَرِيقِ } [الحج: 9] يشير إلى أن الأهواء والبدع [الفرقان: 43] من أهل المعاصي عذاب الحريق في الدنيا بنار الشهوات وعقائد السوء، ولكنه نائم بنوم القطيعة لا يذوق ألم الحرقة، فإذا مات انتبه ويذيقه الله ألم عذاب الحريق، ويقول الله تعالى: الغافل الساهي ذلك بما قدَّمت يداك تتبع الشهوات، أو استيفاء اللذات وأكل الحرام كقوله تعالى: [النساء: 10]، وقال الله للنبي صلى الله عليه وسلم: "" حفت النار بالشهوات "" [آل عمران: 182] بل العبيد ظلاَّمون لأنفسهم كما قال الله تعالى: [العنكبوت: 40] بأن يضعوا العبادة والطلب في غير موضعه."
22,7,"وفيه أنموذج من البعث، وذلك لعلموا { بِأَنَّ ٱللَّهَ هُوَ ٱلْحَقُّ } [الحج: 6] في الإلهية { وَأَنَّهُ يُحْيِـي ٱلْمَوْتَىٰ } [الحج: 6] كما أحيى ميتة الأرض الهامدة، وأنه على كل شيء قدير { وَأَنَّ ٱلسَّاعَةَ آتِيَةٌ لاَّ رَيْبَ فِيهَا } [الحج: 7] وهي أوان البعث { وَأَنَّ ٱللَّهَ يَبْعَثُ مَن فِي ٱلْقُبُورِ } [الحج: 7] فيه إشارة إلى: إنه تعالى باعث كل [مقبور] مقدر له بالخروج من قبور العدم.  ثم أخبر عن حرج ضلال أهل الجدال بقوله تعالى: { ومِنَ ٱلنَّاسِ مَن يُجَادِلُ فِي ٱللَّهِ بِغَيْرِ عِلْمٍ وَلاَ هُدًى } [الحج: 8] يشير إلى أن من الذاكرين من يجادل في معرفة الله، ودفع الشبهة، وبيان الطريق إلى الله تعالى بالعلم بالله عز وجل، وهدى بنبيه صلى الله عليه وسلم ويشاهد نص { وَلاَ كِتَابٍ مُّنِيرٍ } [الحج: 8] يظهر بنوره الحق من الباطل، فهو محمود كما أن جدال المنافق والمرائي، وأهل الأهواء والبدع المتكبر { ثَانِيَ عِطْفِهِ } [الحج: 9] عن الحق فيضل { لِيُضِلَّ عَن سَبِيلِ ٱللَّهِ } [الحج: 9] في عاقبة أمره، ويضل الخلق بالشبهات والتمويهات مذموم { لَهُ فِي ٱلدُّنْيَا خِزْيٌ } [الحج: 9] عند أهل البصيرة.  وبقوله تعالى: { وَنُذِيقُهُ يَوْمَ ٱلْقِيَامَةِ عَذَابَ ٱلْحَرِيقِ } [الحج: 9] يشير إلى أن الأهواء والبدع [الفرقان: 43] من أهل المعاصي عذاب الحريق في الدنيا بنار الشهوات وعقائد السوء، ولكنه نائم بنوم القطيعة لا يذوق ألم الحرقة، فإذا مات انتبه ويذيقه الله ألم عذاب الحريق، ويقول الله تعالى: الغافل الساهي ذلك بما قدَّمت يداك تتبع الشهوات، أو استيفاء اللذات وأكل الحرام كقوله تعالى: [النساء: 10]، وقال الله للنبي صلى الله عليه وسلم: "" حفت النار بالشهوات "" [آل عمران: 182] بل العبيد ظلاَّمون لأنفسهم كما قال الله تعالى: [العنكبوت: 40] بأن يضعوا العبادة والطلب في غير موضعه."
22,8,"وفيه أنموذج من البعث، وذلك لعلموا { بِأَنَّ ٱللَّهَ هُوَ ٱلْحَقُّ } [الحج: 6] في الإلهية { وَأَنَّهُ يُحْيِـي ٱلْمَوْتَىٰ } [الحج: 6] كما أحيى ميتة الأرض الهامدة، وأنه على كل شيء قدير { وَأَنَّ ٱلسَّاعَةَ آتِيَةٌ لاَّ رَيْبَ فِيهَا } [الحج: 7] وهي أوان البعث { وَأَنَّ ٱللَّهَ يَبْعَثُ مَن فِي ٱلْقُبُورِ } [الحج: 7] فيه إشارة إلى: إنه تعالى باعث كل [مقبور] مقدر له بالخروج من قبور العدم.  ثم أخبر عن حرج ضلال أهل الجدال بقوله تعالى: { ومِنَ ٱلنَّاسِ مَن يُجَادِلُ فِي ٱللَّهِ بِغَيْرِ عِلْمٍ وَلاَ هُدًى } [الحج: 8] يشير إلى أن من الذاكرين من يجادل في معرفة الله، ودفع الشبهة، وبيان الطريق إلى الله تعالى بالعلم بالله عز وجل، وهدى بنبيه صلى الله عليه وسلم ويشاهد نص { وَلاَ كِتَابٍ مُّنِيرٍ } [الحج: 8] يظهر بنوره الحق من الباطل، فهو محمود كما أن جدال المنافق والمرائي، وأهل الأهواء والبدع المتكبر { ثَانِيَ عِطْفِهِ } [الحج: 9] عن الحق فيضل { لِيُضِلَّ عَن سَبِيلِ ٱللَّهِ } [الحج: 9] في عاقبة أمره، ويضل الخلق بالشبهات والتمويهات مذموم { لَهُ فِي ٱلدُّنْيَا خِزْيٌ } [الحج: 9] عند أهل البصيرة.  وبقوله تعالى: { وَنُذِيقُهُ يَوْمَ ٱلْقِيَامَةِ عَذَابَ ٱلْحَرِيقِ } [الحج: 9] يشير إلى أن الأهواء والبدع [الفرقان: 43] من أهل المعاصي عذاب الحريق في الدنيا بنار الشهوات وعقائد السوء، ولكنه نائم بنوم القطيعة لا يذوق ألم الحرقة، فإذا مات انتبه ويذيقه الله ألم عذاب الحريق، ويقول الله تعالى: الغافل الساهي ذلك بما قدَّمت يداك تتبع الشهوات، أو استيفاء اللذات وأكل الحرام كقوله تعالى: [النساء: 10]، وقال الله للنبي صلى الله عليه وسلم: "" حفت النار بالشهوات "" [آل عمران: 182] بل العبيد ظلاَّمون لأنفسهم كما قال الله تعالى: [العنكبوت: 40] بأن يضعوا العبادة والطلب في غير موضعه."
22,9,"وفيه أنموذج من البعث، وذلك لعلموا { بِأَنَّ ٱللَّهَ هُوَ ٱلْحَقُّ } [الحج: 6] في الإلهية { وَأَنَّهُ يُحْيِـي ٱلْمَوْتَىٰ } [الحج: 6] كما أحيى ميتة الأرض الهامدة، وأنه على كل شيء قدير { وَأَنَّ ٱلسَّاعَةَ آتِيَةٌ لاَّ رَيْبَ فِيهَا } [الحج: 7] وهي أوان البعث { وَأَنَّ ٱللَّهَ يَبْعَثُ مَن فِي ٱلْقُبُورِ } [الحج: 7] فيه إشارة إلى: إنه تعالى باعث كل [مقبور] مقدر له بالخروج من قبور العدم.  ثم أخبر عن حرج ضلال أهل الجدال بقوله تعالى: { ومِنَ ٱلنَّاسِ مَن يُجَادِلُ فِي ٱللَّهِ بِغَيْرِ عِلْمٍ وَلاَ هُدًى } [الحج: 8] يشير إلى أن من الذاكرين من يجادل في معرفة الله، ودفع الشبهة، وبيان الطريق إلى الله تعالى بالعلم بالله عز وجل، وهدى بنبيه صلى الله عليه وسلم ويشاهد نص { وَلاَ كِتَابٍ مُّنِيرٍ } [الحج: 8] يظهر بنوره الحق من الباطل، فهو محمود كما أن جدال المنافق والمرائي، وأهل الأهواء والبدع المتكبر { ثَانِيَ عِطْفِهِ } [الحج: 9] عن الحق فيضل { لِيُضِلَّ عَن سَبِيلِ ٱللَّهِ } [الحج: 9] في عاقبة أمره، ويضل الخلق بالشبهات والتمويهات مذموم { لَهُ فِي ٱلدُّنْيَا خِزْيٌ } [الحج: 9] عند أهل البصيرة.  وبقوله تعالى: { وَنُذِيقُهُ يَوْمَ ٱلْقِيَامَةِ عَذَابَ ٱلْحَرِيقِ } [الحج: 9] يشير إلى أن الأهواء والبدع [الفرقان: 43] من أهل المعاصي عذاب الحريق في الدنيا بنار الشهوات وعقائد السوء، ولكنه نائم بنوم القطيعة لا يذوق ألم الحرقة، فإذا مات انتبه ويذيقه الله ألم عذاب الحريق، ويقول الله تعالى: الغافل الساهي ذلك بما قدَّمت يداك تتبع الشهوات، أو استيفاء اللذات وأكل الحرام كقوله تعالى: [النساء: 10]، وقال الله للنبي صلى الله عليه وسلم: "" حفت النار بالشهوات "" [آل عمران: 182] بل العبيد ظلاَّمون لأنفسهم كما قال الله تعالى: [العنكبوت: 40] بأن يضعوا العبادة والطلب في غير موضعه."
22,10,"وفيه أنموذج من البعث، وذلك لعلموا { بِأَنَّ ٱللَّهَ هُوَ ٱلْحَقُّ } [الحج: 6] في الإلهية { وَأَنَّهُ يُحْيِـي ٱلْمَوْتَىٰ } [الحج: 6] كما أحيى ميتة الأرض الهامدة، وأنه على كل شيء قدير { وَأَنَّ ٱلسَّاعَةَ آتِيَةٌ لاَّ رَيْبَ فِيهَا } [الحج: 7] وهي أوان البعث { وَأَنَّ ٱللَّهَ يَبْعَثُ مَن فِي ٱلْقُبُورِ } [الحج: 7] فيه إشارة إلى: إنه تعالى باعث كل [مقبور] مقدر له بالخروج من قبور العدم.  ثم أخبر عن حرج ضلال أهل الجدال بقوله تعالى: { ومِنَ ٱلنَّاسِ مَن يُجَادِلُ فِي ٱللَّهِ بِغَيْرِ عِلْمٍ وَلاَ هُدًى } [الحج: 8] يشير إلى أن من الذاكرين من يجادل في معرفة الله، ودفع الشبهة، وبيان الطريق إلى الله تعالى بالعلم بالله عز وجل، وهدى بنبيه صلى الله عليه وسلم ويشاهد نص { وَلاَ كِتَابٍ مُّنِيرٍ } [الحج: 8] يظهر بنوره الحق من الباطل، فهو محمود كما أن جدال المنافق والمرائي، وأهل الأهواء والبدع المتكبر { ثَانِيَ عِطْفِهِ } [الحج: 9] عن الحق فيضل { لِيُضِلَّ عَن سَبِيلِ ٱللَّهِ } [الحج: 9] في عاقبة أمره، ويضل الخلق بالشبهات والتمويهات مذموم { لَهُ فِي ٱلدُّنْيَا خِزْيٌ } [الحج: 9] عند أهل البصيرة.  وبقوله تعالى: { وَنُذِيقُهُ يَوْمَ ٱلْقِيَامَةِ عَذَابَ ٱلْحَرِيقِ } [الحج: 9] يشير إلى أن الأهواء والبدع [الفرقان: 43] من أهل المعاصي عذاب الحريق في الدنيا بنار الشهوات وعقائد السوء، ولكنه نائم بنوم القطيعة لا يذوق ألم الحرقة، فإذا مات انتبه ويذيقه الله ألم عذاب الحريق، ويقول الله تعالى: الغافل الساهي ذلك بما قدَّمت يداك تتبع الشهوات، أو استيفاء اللذات وأكل الحرام كقوله تعالى: [النساء: 10]، وقال الله للنبي صلى الله عليه وسلم: "" حفت النار بالشهوات "" [آل عمران: 182] بل العبيد ظلاَّمون لأنفسهم كما قال الله تعالى: [العنكبوت: 40] بأن يضعوا العبادة والطلب في غير موضعه."
22,11,"وبقوله تعالى: { وَمِنَ ٱلنَّاسِ مَن يَعْبُدُ ٱللَّهَ عَلَىٰ حَرْفٍ } [الحج: 11] يشير إلى بعض الطالبين من لا صدق له ولا ثبات في الطلب، فيكون من أهل التمني بطلب الله على شك، فإن أصابه خير مما يلائم نفسه وهواه أو فتوحاً من الغيب أطمأن به، وأقام على الطالب في الصحبة، وإن أصابته فتنة بلاء وشدة وضيق في المجاهدات أو الرياضات، وترك الشهوات، ومخالفة الناس، وملازمة الخدمة، ورعاية حق الصحبة، والتأدب بآداب الصحبة، والتأمل عن الإخوان انقلب على وجهه بتبديل الأقوال والإنكار، والاعتراض، والتسليم بالإباء، والاستكبار، والإرادة بالارتداد، والصحبة بالهجران { خَسِرَ ٱلدُّنْيَا وَٱلأَخِرَةَ } [الحج: 11] أي: خسر ما كان عليه من الدنيا بتركها، وخسر الآخرة بالارتداد عن الطلب والصحبة.  ومن هنا قال المشايخ مرتد الطريقة أخسر من مرتد الشريعة: { ذٰلِكَ هُوَ ٱلْخُسْرَانُ ٱلْمُبِينُ } [الحج: 11] فإن من رده قلب صاحب قلب يكون مردود القلوب كلها؛ وذلك لأنه { يَدْعُواْ مِن دُونِ ٱللَّهِ } [الحج: 12] أي: يعبد ويطلب ما سوى الله تعالى { مَا لاَ يَضُرُّهُ } [الحج: 12] في الآخرة إن تركه { وَمَا لاَ يَنفَعُهُ } [الحج: 12] إن طلبه { ذٰلِكَ هُوَ ٱلضَّلاَلُ ٱلْبَعِيدُ } [الحج: 12] أي: جعله بعيداً من الله تعالى { يَدْعُو لَمَنْ ضَرُّهُ } [الحج: 13] أي: يطلب من ضرره في الآخرة { أَقْرَبُ مِن نَّفْعِهِ } [الحج: 13] أي: أكثر من الانتفاع به في الدنيا { لَبِئْسَ ٱلْمَوْلَىٰ } [الحج: 13] ما عبدوه وما طلبوه غير الحق { وَلَبِئْسَ ٱلْعَشِيرُ } [الحج: 13] ما عاشروه في الدنيا وشهواتها.  ثم أخبر عن أهل الجنات والدرجات بقوله تعالى: { إِنَّ ٱللَّهَ يُدْخِلُ ٱلَّذِينَ آمَنُواْ وَعَمِلُواْ ٱلصَّالِحَاتِ جَنَاتٍ تَجْرِي مِن تَحْتِهَا ٱلأَنْهَارُ } [الحج: 14] يشير إلى أنه من يدخل الجنة بمجرد الإيمان التقليدي والأعمال الصالحة الخالصة لوجه الله تعالى { إِنَّ ٱللَّهَ يَفْعَلُ مَا يُرِيدُ } [الحج: 14] أي: يوفق للإيمان الحقيقي والعمل الصالح من يريد ويشاء، كقوله تعالى: [الإنسان: 31].  وبقوله تعالى: { مَن كَانَ يَظُنُّ أَن لَّن يَنصُرَهُ ٱللَّهُ فِي ٱلدُّنْيَا وَٱلآخِرَةِ } [الحج: 15] يشير إلى أن من كان ظنه بالله ظن السوء بألاَّ ينصره في الدنيا على الكفار، وفي الآخرة بألاَّ يدخل الجنة، فإنه من الظانين بالله ظن السوء، وغضب الله عليه ولعنه، وأعد له جهنم، وساءت مصيراً كما قال النبي صلى الله عليه وسلم في حديث رباني عن الله تعالى: "" أنا عند ظن عبدي بي فليظن بي ما يشاء "" يعني: من ظن بي خيراً أصابه خيرّاً، ومن ظن بي شرّاً أصابه شر، وفي رواية أخرى قال الله تعالى: "" فليطلب طريقاً إلى السماء، ثم ليقطع صادقاً تقديري في الأزل ونزول أحكامي من السماء، فلينظر هل يذهبن كيده؟ "" أي: هل نقطع كيده في إبطال أحكامي النازلة من السماء مما يغيظ؟ أي: سبب غيظه وكذلك؛ أي: كذا ما قررنا من بطلان سعي في إبطال أحكامنا { أَنزَلْنَاهُ آيَاتٍ بَيِّنَاتٍ } [الحج: 16] أي: دلالات واضحات إليك يا محمد { وَأَنَّ ٱللَّهَ يَهْدِي مَن يُرِيدُ } [الحج: 16] إلى الجنة من يشاء، وفيه إشارة أخرى: { وَأَنَّ ٱللَّهَ يَهْدِي مَن يُرِيدُ } [الحج: 16] من الهداية."
22,12,"وبقوله تعالى: { وَمِنَ ٱلنَّاسِ مَن يَعْبُدُ ٱللَّهَ عَلَىٰ حَرْفٍ } [الحج: 11] يشير إلى بعض الطالبين من لا صدق له ولا ثبات في الطلب، فيكون من أهل التمني بطلب الله على شك، فإن أصابه خير مما يلائم نفسه وهواه أو فتوحاً من الغيب أطمأن به، وأقام على الطالب في الصحبة، وإن أصابته فتنة بلاء وشدة وضيق في المجاهدات أو الرياضات، وترك الشهوات، ومخالفة الناس، وملازمة الخدمة، ورعاية حق الصحبة، والتأدب بآداب الصحبة، والتأمل عن الإخوان انقلب على وجهه بتبديل الأقوال والإنكار، والاعتراض، والتسليم بالإباء، والاستكبار، والإرادة بالارتداد، والصحبة بالهجران { خَسِرَ ٱلدُّنْيَا وَٱلأَخِرَةَ } [الحج: 11] أي: خسر ما كان عليه من الدنيا بتركها، وخسر الآخرة بالارتداد عن الطلب والصحبة.  ومن هنا قال المشايخ مرتد الطريقة أخسر من مرتد الشريعة: { ذٰلِكَ هُوَ ٱلْخُسْرَانُ ٱلْمُبِينُ } [الحج: 11] فإن من رده قلب صاحب قلب يكون مردود القلوب كلها؛ وذلك لأنه { يَدْعُواْ مِن دُونِ ٱللَّهِ } [الحج: 12] أي: يعبد ويطلب ما سوى الله تعالى { مَا لاَ يَضُرُّهُ } [الحج: 12] في الآخرة إن تركه { وَمَا لاَ يَنفَعُهُ } [الحج: 12] إن طلبه { ذٰلِكَ هُوَ ٱلضَّلاَلُ ٱلْبَعِيدُ } [الحج: 12] أي: جعله بعيداً من الله تعالى { يَدْعُو لَمَنْ ضَرُّهُ } [الحج: 13] أي: يطلب من ضرره في الآخرة { أَقْرَبُ مِن نَّفْعِهِ } [الحج: 13] أي: أكثر من الانتفاع به في الدنيا { لَبِئْسَ ٱلْمَوْلَىٰ } [الحج: 13] ما عبدوه وما طلبوه غير الحق { وَلَبِئْسَ ٱلْعَشِيرُ } [الحج: 13] ما عاشروه في الدنيا وشهواتها.  ثم أخبر عن أهل الجنات والدرجات بقوله تعالى: { إِنَّ ٱللَّهَ يُدْخِلُ ٱلَّذِينَ آمَنُواْ وَعَمِلُواْ ٱلصَّالِحَاتِ جَنَاتٍ تَجْرِي مِن تَحْتِهَا ٱلأَنْهَارُ } [الحج: 14] يشير إلى أنه من يدخل الجنة بمجرد الإيمان التقليدي والأعمال الصالحة الخالصة لوجه الله تعالى { إِنَّ ٱللَّهَ يَفْعَلُ مَا يُرِيدُ } [الحج: 14] أي: يوفق للإيمان الحقيقي والعمل الصالح من يريد ويشاء، كقوله تعالى: [الإنسان: 31].  وبقوله تعالى: { مَن كَانَ يَظُنُّ أَن لَّن يَنصُرَهُ ٱللَّهُ فِي ٱلدُّنْيَا وَٱلآخِرَةِ } [الحج: 15] يشير إلى أن من كان ظنه بالله ظن السوء بألاَّ ينصره في الدنيا على الكفار، وفي الآخرة بألاَّ يدخل الجنة، فإنه من الظانين بالله ظن السوء، وغضب الله عليه ولعنه، وأعد له جهنم، وساءت مصيراً كما قال النبي صلى الله عليه وسلم في حديث رباني عن الله تعالى: "" أنا عند ظن عبدي بي فليظن بي ما يشاء "" يعني: من ظن بي خيراً أصابه خيرّاً، ومن ظن بي شرّاً أصابه شر، وفي رواية أخرى قال الله تعالى: "" فليطلب طريقاً إلى السماء، ثم ليقطع صادقاً تقديري في الأزل ونزول أحكامي من السماء، فلينظر هل يذهبن كيده؟ "" أي: هل نقطع كيده في إبطال أحكامي النازلة من السماء مما يغيظ؟ أي: سبب غيظه وكذلك؛ أي: كذا ما قررنا من بطلان سعي في إبطال أحكامنا { أَنزَلْنَاهُ آيَاتٍ بَيِّنَاتٍ } [الحج: 16] أي: دلالات واضحات إليك يا محمد { وَأَنَّ ٱللَّهَ يَهْدِي مَن يُرِيدُ } [الحج: 16] إلى الجنة من يشاء، وفيه إشارة أخرى: { وَأَنَّ ٱللَّهَ يَهْدِي مَن يُرِيدُ } [الحج: 16] من الهداية."
22,13,"وبقوله تعالى: { وَمِنَ ٱلنَّاسِ مَن يَعْبُدُ ٱللَّهَ عَلَىٰ حَرْفٍ } [الحج: 11] يشير إلى بعض الطالبين من لا صدق له ولا ثبات في الطلب، فيكون من أهل التمني بطلب الله على شك، فإن أصابه خير مما يلائم نفسه وهواه أو فتوحاً من الغيب أطمأن به، وأقام على الطالب في الصحبة، وإن أصابته فتنة بلاء وشدة وضيق في المجاهدات أو الرياضات، وترك الشهوات، ومخالفة الناس، وملازمة الخدمة، ورعاية حق الصحبة، والتأدب بآداب الصحبة، والتأمل عن الإخوان انقلب على وجهه بتبديل الأقوال والإنكار، والاعتراض، والتسليم بالإباء، والاستكبار، والإرادة بالارتداد، والصحبة بالهجران { خَسِرَ ٱلدُّنْيَا وَٱلأَخِرَةَ } [الحج: 11] أي: خسر ما كان عليه من الدنيا بتركها، وخسر الآخرة بالارتداد عن الطلب والصحبة.  ومن هنا قال المشايخ مرتد الطريقة أخسر من مرتد الشريعة: { ذٰلِكَ هُوَ ٱلْخُسْرَانُ ٱلْمُبِينُ } [الحج: 11] فإن من رده قلب صاحب قلب يكون مردود القلوب كلها؛ وذلك لأنه { يَدْعُواْ مِن دُونِ ٱللَّهِ } [الحج: 12] أي: يعبد ويطلب ما سوى الله تعالى { مَا لاَ يَضُرُّهُ } [الحج: 12] في الآخرة إن تركه { وَمَا لاَ يَنفَعُهُ } [الحج: 12] إن طلبه { ذٰلِكَ هُوَ ٱلضَّلاَلُ ٱلْبَعِيدُ } [الحج: 12] أي: جعله بعيداً من الله تعالى { يَدْعُو لَمَنْ ضَرُّهُ } [الحج: 13] أي: يطلب من ضرره في الآخرة { أَقْرَبُ مِن نَّفْعِهِ } [الحج: 13] أي: أكثر من الانتفاع به في الدنيا { لَبِئْسَ ٱلْمَوْلَىٰ } [الحج: 13] ما عبدوه وما طلبوه غير الحق { وَلَبِئْسَ ٱلْعَشِيرُ } [الحج: 13] ما عاشروه في الدنيا وشهواتها.  ثم أخبر عن أهل الجنات والدرجات بقوله تعالى: { إِنَّ ٱللَّهَ يُدْخِلُ ٱلَّذِينَ آمَنُواْ وَعَمِلُواْ ٱلصَّالِحَاتِ جَنَاتٍ تَجْرِي مِن تَحْتِهَا ٱلأَنْهَارُ } [الحج: 14] يشير إلى أنه من يدخل الجنة بمجرد الإيمان التقليدي والأعمال الصالحة الخالصة لوجه الله تعالى { إِنَّ ٱللَّهَ يَفْعَلُ مَا يُرِيدُ } [الحج: 14] أي: يوفق للإيمان الحقيقي والعمل الصالح من يريد ويشاء، كقوله تعالى: [الإنسان: 31].  وبقوله تعالى: { مَن كَانَ يَظُنُّ أَن لَّن يَنصُرَهُ ٱللَّهُ فِي ٱلدُّنْيَا وَٱلآخِرَةِ } [الحج: 15] يشير إلى أن من كان ظنه بالله ظن السوء بألاَّ ينصره في الدنيا على الكفار، وفي الآخرة بألاَّ يدخل الجنة، فإنه من الظانين بالله ظن السوء، وغضب الله عليه ولعنه، وأعد له جهنم، وساءت مصيراً كما قال النبي صلى الله عليه وسلم في حديث رباني عن الله تعالى: "" أنا عند ظن عبدي بي فليظن بي ما يشاء "" يعني: من ظن بي خيراً أصابه خيرّاً، ومن ظن بي شرّاً أصابه شر، وفي رواية أخرى قال الله تعالى: "" فليطلب طريقاً إلى السماء، ثم ليقطع صادقاً تقديري في الأزل ونزول أحكامي من السماء، فلينظر هل يذهبن كيده؟ "" أي: هل نقطع كيده في إبطال أحكامي النازلة من السماء مما يغيظ؟ أي: سبب غيظه وكذلك؛ أي: كذا ما قررنا من بطلان سعي في إبطال أحكامنا { أَنزَلْنَاهُ آيَاتٍ بَيِّنَاتٍ } [الحج: 16] أي: دلالات واضحات إليك يا محمد { وَأَنَّ ٱللَّهَ يَهْدِي مَن يُرِيدُ } [الحج: 16] إلى الجنة من يشاء، وفيه إشارة أخرى: { وَأَنَّ ٱللَّهَ يَهْدِي مَن يُرِيدُ } [الحج: 16] من الهداية."
22,14,"وبقوله تعالى: { وَمِنَ ٱلنَّاسِ مَن يَعْبُدُ ٱللَّهَ عَلَىٰ حَرْفٍ } [الحج: 11] يشير إلى بعض الطالبين من لا صدق له ولا ثبات في الطلب، فيكون من أهل التمني بطلب الله على شك، فإن أصابه خير مما يلائم نفسه وهواه أو فتوحاً من الغيب أطمأن به، وأقام على الطالب في الصحبة، وإن أصابته فتنة بلاء وشدة وضيق في المجاهدات أو الرياضات، وترك الشهوات، ومخالفة الناس، وملازمة الخدمة، ورعاية حق الصحبة، والتأدب بآداب الصحبة، والتأمل عن الإخوان انقلب على وجهه بتبديل الأقوال والإنكار، والاعتراض، والتسليم بالإباء، والاستكبار، والإرادة بالارتداد، والصحبة بالهجران { خَسِرَ ٱلدُّنْيَا وَٱلأَخِرَةَ } [الحج: 11] أي: خسر ما كان عليه من الدنيا بتركها، وخسر الآخرة بالارتداد عن الطلب والصحبة.  ومن هنا قال المشايخ مرتد الطريقة أخسر من مرتد الشريعة: { ذٰلِكَ هُوَ ٱلْخُسْرَانُ ٱلْمُبِينُ } [الحج: 11] فإن من رده قلب صاحب قلب يكون مردود القلوب كلها؛ وذلك لأنه { يَدْعُواْ مِن دُونِ ٱللَّهِ } [الحج: 12] أي: يعبد ويطلب ما سوى الله تعالى { مَا لاَ يَضُرُّهُ } [الحج: 12] في الآخرة إن تركه { وَمَا لاَ يَنفَعُهُ } [الحج: 12] إن طلبه { ذٰلِكَ هُوَ ٱلضَّلاَلُ ٱلْبَعِيدُ } [الحج: 12] أي: جعله بعيداً من الله تعالى { يَدْعُو لَمَنْ ضَرُّهُ } [الحج: 13] أي: يطلب من ضرره في الآخرة { أَقْرَبُ مِن نَّفْعِهِ } [الحج: 13] أي: أكثر من الانتفاع به في الدنيا { لَبِئْسَ ٱلْمَوْلَىٰ } [الحج: 13] ما عبدوه وما طلبوه غير الحق { وَلَبِئْسَ ٱلْعَشِيرُ } [الحج: 13] ما عاشروه في الدنيا وشهواتها.  ثم أخبر عن أهل الجنات والدرجات بقوله تعالى: { إِنَّ ٱللَّهَ يُدْخِلُ ٱلَّذِينَ آمَنُواْ وَعَمِلُواْ ٱلصَّالِحَاتِ جَنَاتٍ تَجْرِي مِن تَحْتِهَا ٱلأَنْهَارُ } [الحج: 14] يشير إلى أنه من يدخل الجنة بمجرد الإيمان التقليدي والأعمال الصالحة الخالصة لوجه الله تعالى { إِنَّ ٱللَّهَ يَفْعَلُ مَا يُرِيدُ } [الحج: 14] أي: يوفق للإيمان الحقيقي والعمل الصالح من يريد ويشاء، كقوله تعالى: [الإنسان: 31].  وبقوله تعالى: { مَن كَانَ يَظُنُّ أَن لَّن يَنصُرَهُ ٱللَّهُ فِي ٱلدُّنْيَا وَٱلآخِرَةِ } [الحج: 15] يشير إلى أن من كان ظنه بالله ظن السوء بألاَّ ينصره في الدنيا على الكفار، وفي الآخرة بألاَّ يدخل الجنة، فإنه من الظانين بالله ظن السوء، وغضب الله عليه ولعنه، وأعد له جهنم، وساءت مصيراً كما قال النبي صلى الله عليه وسلم في حديث رباني عن الله تعالى: "" أنا عند ظن عبدي بي فليظن بي ما يشاء "" يعني: من ظن بي خيراً أصابه خيرّاً، ومن ظن بي شرّاً أصابه شر، وفي رواية أخرى قال الله تعالى: "" فليطلب طريقاً إلى السماء، ثم ليقطع صادقاً تقديري في الأزل ونزول أحكامي من السماء، فلينظر هل يذهبن كيده؟ "" أي: هل نقطع كيده في إبطال أحكامي النازلة من السماء مما يغيظ؟ أي: سبب غيظه وكذلك؛ أي: كذا ما قررنا من بطلان سعي في إبطال أحكامنا { أَنزَلْنَاهُ آيَاتٍ بَيِّنَاتٍ } [الحج: 16] أي: دلالات واضحات إليك يا محمد { وَأَنَّ ٱللَّهَ يَهْدِي مَن يُرِيدُ } [الحج: 16] إلى الجنة من يشاء، وفيه إشارة أخرى: { وَأَنَّ ٱللَّهَ يَهْدِي مَن يُرِيدُ } [الحج: 16] من الهداية."
22,15,"وبقوله تعالى: { وَمِنَ ٱلنَّاسِ مَن يَعْبُدُ ٱللَّهَ عَلَىٰ حَرْفٍ } [الحج: 11] يشير إلى بعض الطالبين من لا صدق له ولا ثبات في الطلب، فيكون من أهل التمني بطلب الله على شك، فإن أصابه خير مما يلائم نفسه وهواه أو فتوحاً من الغيب أطمأن به، وأقام على الطالب في الصحبة، وإن أصابته فتنة بلاء وشدة وضيق في المجاهدات أو الرياضات، وترك الشهوات، ومخالفة الناس، وملازمة الخدمة، ورعاية حق الصحبة، والتأدب بآداب الصحبة، والتأمل عن الإخوان انقلب على وجهه بتبديل الأقوال والإنكار، والاعتراض، والتسليم بالإباء، والاستكبار، والإرادة بالارتداد، والصحبة بالهجران { خَسِرَ ٱلدُّنْيَا وَٱلأَخِرَةَ } [الحج: 11] أي: خسر ما كان عليه من الدنيا بتركها، وخسر الآخرة بالارتداد عن الطلب والصحبة.  ومن هنا قال المشايخ مرتد الطريقة أخسر من مرتد الشريعة: { ذٰلِكَ هُوَ ٱلْخُسْرَانُ ٱلْمُبِينُ } [الحج: 11] فإن من رده قلب صاحب قلب يكون مردود القلوب كلها؛ وذلك لأنه { يَدْعُواْ مِن دُونِ ٱللَّهِ } [الحج: 12] أي: يعبد ويطلب ما سوى الله تعالى { مَا لاَ يَضُرُّهُ } [الحج: 12] في الآخرة إن تركه { وَمَا لاَ يَنفَعُهُ } [الحج: 12] إن طلبه { ذٰلِكَ هُوَ ٱلضَّلاَلُ ٱلْبَعِيدُ } [الحج: 12] أي: جعله بعيداً من الله تعالى { يَدْعُو لَمَنْ ضَرُّهُ } [الحج: 13] أي: يطلب من ضرره في الآخرة { أَقْرَبُ مِن نَّفْعِهِ } [الحج: 13] أي: أكثر من الانتفاع به في الدنيا { لَبِئْسَ ٱلْمَوْلَىٰ } [الحج: 13] ما عبدوه وما طلبوه غير الحق { وَلَبِئْسَ ٱلْعَشِيرُ } [الحج: 13] ما عاشروه في الدنيا وشهواتها.  ثم أخبر عن أهل الجنات والدرجات بقوله تعالى: { إِنَّ ٱللَّهَ يُدْخِلُ ٱلَّذِينَ آمَنُواْ وَعَمِلُواْ ٱلصَّالِحَاتِ جَنَاتٍ تَجْرِي مِن تَحْتِهَا ٱلأَنْهَارُ } [الحج: 14] يشير إلى أنه من يدخل الجنة بمجرد الإيمان التقليدي والأعمال الصالحة الخالصة لوجه الله تعالى { إِنَّ ٱللَّهَ يَفْعَلُ مَا يُرِيدُ } [الحج: 14] أي: يوفق للإيمان الحقيقي والعمل الصالح من يريد ويشاء، كقوله تعالى: [الإنسان: 31].  وبقوله تعالى: { مَن كَانَ يَظُنُّ أَن لَّن يَنصُرَهُ ٱللَّهُ فِي ٱلدُّنْيَا وَٱلآخِرَةِ } [الحج: 15] يشير إلى أن من كان ظنه بالله ظن السوء بألاَّ ينصره في الدنيا على الكفار، وفي الآخرة بألاَّ يدخل الجنة، فإنه من الظانين بالله ظن السوء، وغضب الله عليه ولعنه، وأعد له جهنم، وساءت مصيراً كما قال النبي صلى الله عليه وسلم في حديث رباني عن الله تعالى: "" أنا عند ظن عبدي بي فليظن بي ما يشاء "" يعني: من ظن بي خيراً أصابه خيرّاً، ومن ظن بي شرّاً أصابه شر، وفي رواية أخرى قال الله تعالى: "" فليطلب طريقاً إلى السماء، ثم ليقطع صادقاً تقديري في الأزل ونزول أحكامي من السماء، فلينظر هل يذهبن كيده؟ "" أي: هل نقطع كيده في إبطال أحكامي النازلة من السماء مما يغيظ؟ أي: سبب غيظه وكذلك؛ أي: كذا ما قررنا من بطلان سعي في إبطال أحكامنا { أَنزَلْنَاهُ آيَاتٍ بَيِّنَاتٍ } [الحج: 16] أي: دلالات واضحات إليك يا محمد { وَأَنَّ ٱللَّهَ يَهْدِي مَن يُرِيدُ } [الحج: 16] إلى الجنة من يشاء، وفيه إشارة أخرى: { وَأَنَّ ٱللَّهَ يَهْدِي مَن يُرِيدُ } [الحج: 16] من الهداية."
22,16,"وبقوله تعالى: { وَمِنَ ٱلنَّاسِ مَن يَعْبُدُ ٱللَّهَ عَلَىٰ حَرْفٍ } [الحج: 11] يشير إلى بعض الطالبين من لا صدق له ولا ثبات في الطلب، فيكون من أهل التمني بطلب الله على شك، فإن أصابه خير مما يلائم نفسه وهواه أو فتوحاً من الغيب أطمأن به، وأقام على الطالب في الصحبة، وإن أصابته فتنة بلاء وشدة وضيق في المجاهدات أو الرياضات، وترك الشهوات، ومخالفة الناس، وملازمة الخدمة، ورعاية حق الصحبة، والتأدب بآداب الصحبة، والتأمل عن الإخوان انقلب على وجهه بتبديل الأقوال والإنكار، والاعتراض، والتسليم بالإباء، والاستكبار، والإرادة بالارتداد، والصحبة بالهجران { خَسِرَ ٱلدُّنْيَا وَٱلأَخِرَةَ } [الحج: 11] أي: خسر ما كان عليه من الدنيا بتركها، وخسر الآخرة بالارتداد عن الطلب والصحبة.  ومن هنا قال المشايخ مرتد الطريقة أخسر من مرتد الشريعة: { ذٰلِكَ هُوَ ٱلْخُسْرَانُ ٱلْمُبِينُ } [الحج: 11] فإن من رده قلب صاحب قلب يكون مردود القلوب كلها؛ وذلك لأنه { يَدْعُواْ مِن دُونِ ٱللَّهِ } [الحج: 12] أي: يعبد ويطلب ما سوى الله تعالى { مَا لاَ يَضُرُّهُ } [الحج: 12] في الآخرة إن تركه { وَمَا لاَ يَنفَعُهُ } [الحج: 12] إن طلبه { ذٰلِكَ هُوَ ٱلضَّلاَلُ ٱلْبَعِيدُ } [الحج: 12] أي: جعله بعيداً من الله تعالى { يَدْعُو لَمَنْ ضَرُّهُ } [الحج: 13] أي: يطلب من ضرره في الآخرة { أَقْرَبُ مِن نَّفْعِهِ } [الحج: 13] أي: أكثر من الانتفاع به في الدنيا { لَبِئْسَ ٱلْمَوْلَىٰ } [الحج: 13] ما عبدوه وما طلبوه غير الحق { وَلَبِئْسَ ٱلْعَشِيرُ } [الحج: 13] ما عاشروه في الدنيا وشهواتها.  ثم أخبر عن أهل الجنات والدرجات بقوله تعالى: { إِنَّ ٱللَّهَ يُدْخِلُ ٱلَّذِينَ آمَنُواْ وَعَمِلُواْ ٱلصَّالِحَاتِ جَنَاتٍ تَجْرِي مِن تَحْتِهَا ٱلأَنْهَارُ } [الحج: 14] يشير إلى أنه من يدخل الجنة بمجرد الإيمان التقليدي والأعمال الصالحة الخالصة لوجه الله تعالى { إِنَّ ٱللَّهَ يَفْعَلُ مَا يُرِيدُ } [الحج: 14] أي: يوفق للإيمان الحقيقي والعمل الصالح من يريد ويشاء، كقوله تعالى: [الإنسان: 31].  وبقوله تعالى: { مَن كَانَ يَظُنُّ أَن لَّن يَنصُرَهُ ٱللَّهُ فِي ٱلدُّنْيَا وَٱلآخِرَةِ } [الحج: 15] يشير إلى أن من كان ظنه بالله ظن السوء بألاَّ ينصره في الدنيا على الكفار، وفي الآخرة بألاَّ يدخل الجنة، فإنه من الظانين بالله ظن السوء، وغضب الله عليه ولعنه، وأعد له جهنم، وساءت مصيراً كما قال النبي صلى الله عليه وسلم في حديث رباني عن الله تعالى: "" أنا عند ظن عبدي بي فليظن بي ما يشاء "" يعني: من ظن بي خيراً أصابه خيرّاً، ومن ظن بي شرّاً أصابه شر، وفي رواية أخرى قال الله تعالى: "" فليطلب طريقاً إلى السماء، ثم ليقطع صادقاً تقديري في الأزل ونزول أحكامي من السماء، فلينظر هل يذهبن كيده؟ "" أي: هل نقطع كيده في إبطال أحكامي النازلة من السماء مما يغيظ؟ أي: سبب غيظه وكذلك؛ أي: كذا ما قررنا من بطلان سعي في إبطال أحكامنا { أَنزَلْنَاهُ آيَاتٍ بَيِّنَاتٍ } [الحج: 16] أي: دلالات واضحات إليك يا محمد { وَأَنَّ ٱللَّهَ يَهْدِي مَن يُرِيدُ } [الحج: 16] إلى الجنة من يشاء، وفيه إشارة أخرى: { وَأَنَّ ٱللَّهَ يَهْدِي مَن يُرِيدُ } [الحج: 16] من الهداية."
22,17,ثم أخبر عن اختلاف أصناف الخلق بقوله تعالى: { إِنَّ ٱلَّذِينَ آمَنُواْ وَٱلَّذِينَ هَادُواْ وَٱلصَّابِئِينَ وَٱلنَّصَارَىٰ وَٱلْمَجُوسَ وَٱلَّذِينَ أَشْرَكُوۤاْ } [الحج: 17] يشير إلى أنه تعالى يسأل كل صنف منهم يوم القيامة على حسب استحقاقه بما وعدهم إمَّا بالنعيم، وإمَّا بالجحيم وبالوصال، أو بالفراق، كما أعد لهم وعلى ما خلقهم، وهذا معنى قوله: { إِنَّ ٱللَّهَ يَفْصِلُ بَيْنَهُمْ يَوْمَ ٱلْقِيامَةِ } [الحج: 17].  ثم قال عز وجل: { إِنَّ ٱللَّهَ عَلَىٰ كُلِّ شَيْءٍ شَهِيدٌ } [الحج: 17] أو عالم بحال كل صنف منهم: كيف خلقهم، وفيما استمهلهم وأي مقام ومنزل أعدَّ لهم من منازل الجنة والنار ومن مقام الرب.  وبقوله تعالى: { أَلَمْ تَرَ أَنَّ ٱللَّهَ يَسْجُدُ لَهُ مَن فِي ٱلسَّمَٰوَٰتِ وَمَن فِي ٱلأَرْضِ وَٱلشَّمْسُ وَٱلْقَمَرُ وَٱلنُّجُومُ وَٱلْجِبَالُ وَٱلشَّجَرُ وَٱلدَّوَآبُّ وَكَثِيرٌ مِّنَ ٱلنَّاسِ } [الحج: 18] يشير إلى أن أهل العرفان يسجدون سجود عبادة بالإرادة والجماد ومن لا يعقل، ومن لا يدين يسجدون سجود خضوع للحاجة.  وبقوله تعالى: { وَكَثِيرٌ حَقَّ عَلَيْهِ ٱلْعَذَابُ } [الحج: 18] يشير إلى: أهل النفاق وأهل الرياء والسمعة، فإن الله يفصل بين كل صنف منهم في الثواب والعقاب على قدر استحقاقهم { وَمَن يُهِنِ ٱللَّهُ } [الحج: 18] في الأزل بتقدير الشقاوة { فَمَا لَهُ مِن مُّكْرِمٍ } [الحج: 18] إلى الأبد بطريق الشفاعة له { إِنَّ ٱللَّهَ يَفْعَلُ مَا يَشَآءُ } [الحج: 18] من الأزل إلى الأبد.
22,18,ثم أخبر عن اختلاف أصناف الخلق بقوله تعالى: { إِنَّ ٱلَّذِينَ آمَنُواْ وَٱلَّذِينَ هَادُواْ وَٱلصَّابِئِينَ وَٱلنَّصَارَىٰ وَٱلْمَجُوسَ وَٱلَّذِينَ أَشْرَكُوۤاْ } [الحج: 17] يشير إلى أنه تعالى يسأل كل صنف منهم يوم القيامة على حسب استحقاقه بما وعدهم إمَّا بالنعيم، وإمَّا بالجحيم وبالوصال، أو بالفراق، كما أعد لهم وعلى ما خلقهم، وهذا معنى قوله: { إِنَّ ٱللَّهَ يَفْصِلُ بَيْنَهُمْ يَوْمَ ٱلْقِيامَةِ } [الحج: 17].  ثم قال عز وجل: { إِنَّ ٱللَّهَ عَلَىٰ كُلِّ شَيْءٍ شَهِيدٌ } [الحج: 17] أو عالم بحال كل صنف منهم: كيف خلقهم، وفيما استمهلهم وأي مقام ومنزل أعدَّ لهم من منازل الجنة والنار ومن مقام الرب.  وبقوله تعالى: { أَلَمْ تَرَ أَنَّ ٱللَّهَ يَسْجُدُ لَهُ مَن فِي ٱلسَّمَٰوَٰتِ وَمَن فِي ٱلأَرْضِ وَٱلشَّمْسُ وَٱلْقَمَرُ وَٱلنُّجُومُ وَٱلْجِبَالُ وَٱلشَّجَرُ وَٱلدَّوَآبُّ وَكَثِيرٌ مِّنَ ٱلنَّاسِ } [الحج: 18] يشير إلى أن أهل العرفان يسجدون سجود عبادة بالإرادة والجماد ومن لا يعقل، ومن لا يدين يسجدون سجود خضوع للحاجة.  وبقوله تعالى: { وَكَثِيرٌ حَقَّ عَلَيْهِ ٱلْعَذَابُ } [الحج: 18] يشير إلى: أهل النفاق وأهل الرياء والسمعة، فإن الله يفصل بين كل صنف منهم في الثواب والعقاب على قدر استحقاقهم { وَمَن يُهِنِ ٱللَّهُ } [الحج: 18] في الأزل بتقدير الشقاوة { فَمَا لَهُ مِن مُّكْرِمٍ } [الحج: 18] إلى الأبد بطريق الشفاعة له { إِنَّ ٱللَّهَ يَفْعَلُ مَا يَشَآءُ } [الحج: 18] من الأزل إلى الأبد.
22,19,ثم أخبر عن الخصمين المتنازعين بقوله تعالى: { هَـٰذَانِ خَصْمَانِ ٱخْتَصَمُواْ فِي رَبِّهِمْ } [الحج: 19] فأمَّا اختصام النفس: ففي انقطاعها عن الله تعالى وحرمانها عنه، وأمَّا اختصام الروح مع النفس: ففي انقطاعهما إلى الله ورجوعهما إليه.  { فَٱلَّذِينَ كَفَرُواْ } [الحج: 19] من أرباب النفس بانقطاعهم عن الله ودينه بإتباعهم الهوى وطلب الشهوات الدنياوية، ومن أصحاب الروح بإعراضهم عن الله ورد دعوة الأنبياء { قُطِّعَتْ لَهُمْ ثِيَابٌ مِّن نَّارٍ } [الحج: 19] بتقطيع خياط الفناء على قدهم وهي ثياب نسجت من سدى مخالفات الشرع ولحمة موافقات الطبع.  { يُصَبُّ مِن فَوْقِ رُءُوسِهِمُ ٱلْحَمِيمُ } [الحج: 19] أي: حميم الشهوات النفسانية { يُصْهَرُ بِهِ مَا فِي بُطُونِهِمْ } [الحج: 20] أي: يذاب ويخرج ما في قلوبهم من الأخلاق الحميدة الروحانية { وَلَهُمْ مَّقَامِعُ مِنْ حَدِيدٍ } [الحج: 21] أي: الأخلاق الذميمة النفسانية { كُلَّمَآ أَرَادُوۤاْ أَن يَخْرُجُواْ مِنْهَا } [الحج: 22] أي: من نار القطيعة وسعير الشهوات من غم أصابهم من خوف سوء عاقبة أمرهم { أُعِيدُواْ فِيهَا } [الحج: 22] بمقامع الأخلاق الذميمة، واستيلاء الحرص والأمر، وقيل لهم: { وَذُوقُواْ عَذَابَ ٱلْحَرِيقِ } [الحج: 22] أي: عذاب ما أحرقت منكم نار الشهوات من الاستعدادات الحسنة.  ثم أخبر عن حال الروح ومتابعيه من النفوس بالإيمان والأعمال الصالحة، وقال تعالى: { إِنَّ ٱللَّهَ يُدْخِلُ ٱلَّذِينَ آمَنُواْ وَعَمِلُواْ ٱلصَّالِحَاتِ جَنَّاتٍ تَجْرِي مِن تَحْتِهَا ٱلأَنْهَارُ يُحَلَّوْنَ فِيهَا مِنْ أَسَاوِرَ مِن ذَهَبٍ وَلُؤْلُؤاً } [الحج: 23] أي: يحليهم بحلية الأسرار والحقائق والحكم البالغة { وَلِبَاسُهُمْ فِيهَا حَرِيرٌ } [الحج: 23] أي: شعارهم ودثارهم الأخلاق الحميدة والصدق في العبودية { وَهُدُوۤاْ إِلَى ٱلطَّيِّبِ مِنَ ٱلْقَوْلِ } [الحج: 24] وهو الإخلاص في قوله: لا إله إلا الله والعمل به { وَهُدُوۤاْ إِلَىٰ صِرَاطِ ٱلْحَمِيدِ } [الحج: 24] وهو الطريق إلى الله تعالى، فإن الحميد هو الله تعالى.
22,20,ثم أخبر عن الخصمين المتنازعين بقوله تعالى: { هَـٰذَانِ خَصْمَانِ ٱخْتَصَمُواْ فِي رَبِّهِمْ } [الحج: 19] فأمَّا اختصام النفس: ففي انقطاعها عن الله تعالى وحرمانها عنه، وأمَّا اختصام الروح مع النفس: ففي انقطاعهما إلى الله ورجوعهما إليه.  { فَٱلَّذِينَ كَفَرُواْ } [الحج: 19] من أرباب النفس بانقطاعهم عن الله ودينه بإتباعهم الهوى وطلب الشهوات الدنياوية، ومن أصحاب الروح بإعراضهم عن الله ورد دعوة الأنبياء { قُطِّعَتْ لَهُمْ ثِيَابٌ مِّن نَّارٍ } [الحج: 19] بتقطيع خياط الفناء على قدهم وهي ثياب نسجت من سدى مخالفات الشرع ولحمة موافقات الطبع.  { يُصَبُّ مِن فَوْقِ رُءُوسِهِمُ ٱلْحَمِيمُ } [الحج: 19] أي: حميم الشهوات النفسانية { يُصْهَرُ بِهِ مَا فِي بُطُونِهِمْ } [الحج: 20] أي: يذاب ويخرج ما في قلوبهم من الأخلاق الحميدة الروحانية { وَلَهُمْ مَّقَامِعُ مِنْ حَدِيدٍ } [الحج: 21] أي: الأخلاق الذميمة النفسانية { كُلَّمَآ أَرَادُوۤاْ أَن يَخْرُجُواْ مِنْهَا } [الحج: 22] أي: من نار القطيعة وسعير الشهوات من غم أصابهم من خوف سوء عاقبة أمرهم { أُعِيدُواْ فِيهَا } [الحج: 22] بمقامع الأخلاق الذميمة، واستيلاء الحرص والأمر، وقيل لهم: { وَذُوقُواْ عَذَابَ ٱلْحَرِيقِ } [الحج: 22] أي: عذاب ما أحرقت منكم نار الشهوات من الاستعدادات الحسنة.  ثم أخبر عن حال الروح ومتابعيه من النفوس بالإيمان والأعمال الصالحة، وقال تعالى: { إِنَّ ٱللَّهَ يُدْخِلُ ٱلَّذِينَ آمَنُواْ وَعَمِلُواْ ٱلصَّالِحَاتِ جَنَّاتٍ تَجْرِي مِن تَحْتِهَا ٱلأَنْهَارُ يُحَلَّوْنَ فِيهَا مِنْ أَسَاوِرَ مِن ذَهَبٍ وَلُؤْلُؤاً } [الحج: 23] أي: يحليهم بحلية الأسرار والحقائق والحكم البالغة { وَلِبَاسُهُمْ فِيهَا حَرِيرٌ } [الحج: 23] أي: شعارهم ودثارهم الأخلاق الحميدة والصدق في العبودية { وَهُدُوۤاْ إِلَى ٱلطَّيِّبِ مِنَ ٱلْقَوْلِ } [الحج: 24] وهو الإخلاص في قوله: لا إله إلا الله والعمل به { وَهُدُوۤاْ إِلَىٰ صِرَاطِ ٱلْحَمِيدِ } [الحج: 24] وهو الطريق إلى الله تعالى، فإن الحميد هو الله تعالى.
22,21,ثم أخبر عن الخصمين المتنازعين بقوله تعالى: { هَـٰذَانِ خَصْمَانِ ٱخْتَصَمُواْ فِي رَبِّهِمْ } [الحج: 19] فأمَّا اختصام النفس: ففي انقطاعها عن الله تعالى وحرمانها عنه، وأمَّا اختصام الروح مع النفس: ففي انقطاعهما إلى الله ورجوعهما إليه.  { فَٱلَّذِينَ كَفَرُواْ } [الحج: 19] من أرباب النفس بانقطاعهم عن الله ودينه بإتباعهم الهوى وطلب الشهوات الدنياوية، ومن أصحاب الروح بإعراضهم عن الله ورد دعوة الأنبياء { قُطِّعَتْ لَهُمْ ثِيَابٌ مِّن نَّارٍ } [الحج: 19] بتقطيع خياط الفناء على قدهم وهي ثياب نسجت من سدى مخالفات الشرع ولحمة موافقات الطبع.  { يُصَبُّ مِن فَوْقِ رُءُوسِهِمُ ٱلْحَمِيمُ } [الحج: 19] أي: حميم الشهوات النفسانية { يُصْهَرُ بِهِ مَا فِي بُطُونِهِمْ } [الحج: 20] أي: يذاب ويخرج ما في قلوبهم من الأخلاق الحميدة الروحانية { وَلَهُمْ مَّقَامِعُ مِنْ حَدِيدٍ } [الحج: 21] أي: الأخلاق الذميمة النفسانية { كُلَّمَآ أَرَادُوۤاْ أَن يَخْرُجُواْ مِنْهَا } [الحج: 22] أي: من نار القطيعة وسعير الشهوات من غم أصابهم من خوف سوء عاقبة أمرهم { أُعِيدُواْ فِيهَا } [الحج: 22] بمقامع الأخلاق الذميمة، واستيلاء الحرص والأمر، وقيل لهم: { وَذُوقُواْ عَذَابَ ٱلْحَرِيقِ } [الحج: 22] أي: عذاب ما أحرقت منكم نار الشهوات من الاستعدادات الحسنة.  ثم أخبر عن حال الروح ومتابعيه من النفوس بالإيمان والأعمال الصالحة، وقال تعالى: { إِنَّ ٱللَّهَ يُدْخِلُ ٱلَّذِينَ آمَنُواْ وَعَمِلُواْ ٱلصَّالِحَاتِ جَنَّاتٍ تَجْرِي مِن تَحْتِهَا ٱلأَنْهَارُ يُحَلَّوْنَ فِيهَا مِنْ أَسَاوِرَ مِن ذَهَبٍ وَلُؤْلُؤاً } [الحج: 23] أي: يحليهم بحلية الأسرار والحقائق والحكم البالغة { وَلِبَاسُهُمْ فِيهَا حَرِيرٌ } [الحج: 23] أي: شعارهم ودثارهم الأخلاق الحميدة والصدق في العبودية { وَهُدُوۤاْ إِلَى ٱلطَّيِّبِ مِنَ ٱلْقَوْلِ } [الحج: 24] وهو الإخلاص في قوله: لا إله إلا الله والعمل به { وَهُدُوۤاْ إِلَىٰ صِرَاطِ ٱلْحَمِيدِ } [الحج: 24] وهو الطريق إلى الله تعالى، فإن الحميد هو الله تعالى.
22,22,ثم أخبر عن الخصمين المتنازعين بقوله تعالى: { هَـٰذَانِ خَصْمَانِ ٱخْتَصَمُواْ فِي رَبِّهِمْ } [الحج: 19] فأمَّا اختصام النفس: ففي انقطاعها عن الله تعالى وحرمانها عنه، وأمَّا اختصام الروح مع النفس: ففي انقطاعهما إلى الله ورجوعهما إليه.  { فَٱلَّذِينَ كَفَرُواْ } [الحج: 19] من أرباب النفس بانقطاعهم عن الله ودينه بإتباعهم الهوى وطلب الشهوات الدنياوية، ومن أصحاب الروح بإعراضهم عن الله ورد دعوة الأنبياء { قُطِّعَتْ لَهُمْ ثِيَابٌ مِّن نَّارٍ } [الحج: 19] بتقطيع خياط الفناء على قدهم وهي ثياب نسجت من سدى مخالفات الشرع ولحمة موافقات الطبع.  { يُصَبُّ مِن فَوْقِ رُءُوسِهِمُ ٱلْحَمِيمُ } [الحج: 19] أي: حميم الشهوات النفسانية { يُصْهَرُ بِهِ مَا فِي بُطُونِهِمْ } [الحج: 20] أي: يذاب ويخرج ما في قلوبهم من الأخلاق الحميدة الروحانية { وَلَهُمْ مَّقَامِعُ مِنْ حَدِيدٍ } [الحج: 21] أي: الأخلاق الذميمة النفسانية { كُلَّمَآ أَرَادُوۤاْ أَن يَخْرُجُواْ مِنْهَا } [الحج: 22] أي: من نار القطيعة وسعير الشهوات من غم أصابهم من خوف سوء عاقبة أمرهم { أُعِيدُواْ فِيهَا } [الحج: 22] بمقامع الأخلاق الذميمة، واستيلاء الحرص والأمر، وقيل لهم: { وَذُوقُواْ عَذَابَ ٱلْحَرِيقِ } [الحج: 22] أي: عذاب ما أحرقت منكم نار الشهوات من الاستعدادات الحسنة.  ثم أخبر عن حال الروح ومتابعيه من النفوس بالإيمان والأعمال الصالحة، وقال تعالى: { إِنَّ ٱللَّهَ يُدْخِلُ ٱلَّذِينَ آمَنُواْ وَعَمِلُواْ ٱلصَّالِحَاتِ جَنَّاتٍ تَجْرِي مِن تَحْتِهَا ٱلأَنْهَارُ يُحَلَّوْنَ فِيهَا مِنْ أَسَاوِرَ مِن ذَهَبٍ وَلُؤْلُؤاً } [الحج: 23] أي: يحليهم بحلية الأسرار والحقائق والحكم البالغة { وَلِبَاسُهُمْ فِيهَا حَرِيرٌ } [الحج: 23] أي: شعارهم ودثارهم الأخلاق الحميدة والصدق في العبودية { وَهُدُوۤاْ إِلَى ٱلطَّيِّبِ مِنَ ٱلْقَوْلِ } [الحج: 24] وهو الإخلاص في قوله: لا إله إلا الله والعمل به { وَهُدُوۤاْ إِلَىٰ صِرَاطِ ٱلْحَمِيدِ } [الحج: 24] وهو الطريق إلى الله تعالى، فإن الحميد هو الله تعالى.
22,23,ثم أخبر عن الخصمين المتنازعين بقوله تعالى: { هَـٰذَانِ خَصْمَانِ ٱخْتَصَمُواْ فِي رَبِّهِمْ } [الحج: 19] فأمَّا اختصام النفس: ففي انقطاعها عن الله تعالى وحرمانها عنه، وأمَّا اختصام الروح مع النفس: ففي انقطاعهما إلى الله ورجوعهما إليه.  { فَٱلَّذِينَ كَفَرُواْ } [الحج: 19] من أرباب النفس بانقطاعهم عن الله ودينه بإتباعهم الهوى وطلب الشهوات الدنياوية، ومن أصحاب الروح بإعراضهم عن الله ورد دعوة الأنبياء { قُطِّعَتْ لَهُمْ ثِيَابٌ مِّن نَّارٍ } [الحج: 19] بتقطيع خياط الفناء على قدهم وهي ثياب نسجت من سدى مخالفات الشرع ولحمة موافقات الطبع.  { يُصَبُّ مِن فَوْقِ رُءُوسِهِمُ ٱلْحَمِيمُ } [الحج: 19] أي: حميم الشهوات النفسانية { يُصْهَرُ بِهِ مَا فِي بُطُونِهِمْ } [الحج: 20] أي: يذاب ويخرج ما في قلوبهم من الأخلاق الحميدة الروحانية { وَلَهُمْ مَّقَامِعُ مِنْ حَدِيدٍ } [الحج: 21] أي: الأخلاق الذميمة النفسانية { كُلَّمَآ أَرَادُوۤاْ أَن يَخْرُجُواْ مِنْهَا } [الحج: 22] أي: من نار القطيعة وسعير الشهوات من غم أصابهم من خوف سوء عاقبة أمرهم { أُعِيدُواْ فِيهَا } [الحج: 22] بمقامع الأخلاق الذميمة، واستيلاء الحرص والأمر، وقيل لهم: { وَذُوقُواْ عَذَابَ ٱلْحَرِيقِ } [الحج: 22] أي: عذاب ما أحرقت منكم نار الشهوات من الاستعدادات الحسنة.  ثم أخبر عن حال الروح ومتابعيه من النفوس بالإيمان والأعمال الصالحة، وقال تعالى: { إِنَّ ٱللَّهَ يُدْخِلُ ٱلَّذِينَ آمَنُواْ وَعَمِلُواْ ٱلصَّالِحَاتِ جَنَّاتٍ تَجْرِي مِن تَحْتِهَا ٱلأَنْهَارُ يُحَلَّوْنَ فِيهَا مِنْ أَسَاوِرَ مِن ذَهَبٍ وَلُؤْلُؤاً } [الحج: 23] أي: يحليهم بحلية الأسرار والحقائق والحكم البالغة { وَلِبَاسُهُمْ فِيهَا حَرِيرٌ } [الحج: 23] أي: شعارهم ودثارهم الأخلاق الحميدة والصدق في العبودية { وَهُدُوۤاْ إِلَى ٱلطَّيِّبِ مِنَ ٱلْقَوْلِ } [الحج: 24] وهو الإخلاص في قوله: لا إله إلا الله والعمل به { وَهُدُوۤاْ إِلَىٰ صِرَاطِ ٱلْحَمِيدِ } [الحج: 24] وهو الطريق إلى الله تعالى، فإن الحميد هو الله تعالى.
22,24,ثم أخبر عن الخصمين المتنازعين بقوله تعالى: { هَـٰذَانِ خَصْمَانِ ٱخْتَصَمُواْ فِي رَبِّهِمْ } [الحج: 19] فأمَّا اختصام النفس: ففي انقطاعها عن الله تعالى وحرمانها عنه، وأمَّا اختصام الروح مع النفس: ففي انقطاعهما إلى الله ورجوعهما إليه.  { فَٱلَّذِينَ كَفَرُواْ } [الحج: 19] من أرباب النفس بانقطاعهم عن الله ودينه بإتباعهم الهوى وطلب الشهوات الدنياوية، ومن أصحاب الروح بإعراضهم عن الله ورد دعوة الأنبياء { قُطِّعَتْ لَهُمْ ثِيَابٌ مِّن نَّارٍ } [الحج: 19] بتقطيع خياط الفناء على قدهم وهي ثياب نسجت من سدى مخالفات الشرع ولحمة موافقات الطبع.  { يُصَبُّ مِن فَوْقِ رُءُوسِهِمُ ٱلْحَمِيمُ } [الحج: 19] أي: حميم الشهوات النفسانية { يُصْهَرُ بِهِ مَا فِي بُطُونِهِمْ } [الحج: 20] أي: يذاب ويخرج ما في قلوبهم من الأخلاق الحميدة الروحانية { وَلَهُمْ مَّقَامِعُ مِنْ حَدِيدٍ } [الحج: 21] أي: الأخلاق الذميمة النفسانية { كُلَّمَآ أَرَادُوۤاْ أَن يَخْرُجُواْ مِنْهَا } [الحج: 22] أي: من نار القطيعة وسعير الشهوات من غم أصابهم من خوف سوء عاقبة أمرهم { أُعِيدُواْ فِيهَا } [الحج: 22] بمقامع الأخلاق الذميمة، واستيلاء الحرص والأمر، وقيل لهم: { وَذُوقُواْ عَذَابَ ٱلْحَرِيقِ } [الحج: 22] أي: عذاب ما أحرقت منكم نار الشهوات من الاستعدادات الحسنة.  ثم أخبر عن حال الروح ومتابعيه من النفوس بالإيمان والأعمال الصالحة، وقال تعالى: { إِنَّ ٱللَّهَ يُدْخِلُ ٱلَّذِينَ آمَنُواْ وَعَمِلُواْ ٱلصَّالِحَاتِ جَنَّاتٍ تَجْرِي مِن تَحْتِهَا ٱلأَنْهَارُ يُحَلَّوْنَ فِيهَا مِنْ أَسَاوِرَ مِن ذَهَبٍ وَلُؤْلُؤاً } [الحج: 23] أي: يحليهم بحلية الأسرار والحقائق والحكم البالغة { وَلِبَاسُهُمْ فِيهَا حَرِيرٌ } [الحج: 23] أي: شعارهم ودثارهم الأخلاق الحميدة والصدق في العبودية { وَهُدُوۤاْ إِلَى ٱلطَّيِّبِ مِنَ ٱلْقَوْلِ } [الحج: 24] وهو الإخلاص في قوله: لا إله إلا الله والعمل به { وَهُدُوۤاْ إِلَىٰ صِرَاطِ ٱلْحَمِيدِ } [الحج: 24] وهو الطريق إلى الله تعالى، فإن الحميد هو الله تعالى.
22,25,ثم أخبر عن أحوال النفوس المتمردة والأرواح المرتدة بقوله تعالى: { إِنَّ ٱلَّذِينَ كَفَرُواْ وَيَصُدُّونَ عَن سَبِيلِ ٱللَّهِ وَٱلْمَسْجِدِ ٱلْحَرَامِ } [الحج: 25] يشير إلى منكري هذا الشأن، فإنهم مع إنكارهم وإعراضهم عن الحق يصدون الطالبين عن طريق الله بالإنكار والاعتراضات الفاسدة على المشايخ، ويقطعون الطريق على أهل الطلب؛ ليردوهم على طلب الحق تعالى، وعن دخول مسجد حرام القلب، فإنه حرم الله تعالى.  { ٱلَّذِي جَعَلْنَاهُ لِلنَّاسِ } [الحج: 25] أي: جعلناه لهم بالاهتداء وطلب الحق لا عليهم، كالنفس الأمارة بالإضلال، والإعراض عن الحق سواء { ٱلْعَاكِفُ فِيهِ وَٱلْبَادِ } [الحج: 25] أي: يستوي في الوصول إلى مقام الطلب الذي سبق إليه بمدة طويلة، والذي يصل إليه في الحال ليس لأحد فضل على الآخرة إلا بالسبق إلى مقام القلب ومنازله.  وبقوله تعالى: { وَمَن يُرِدْ فِيهِ بِإِلْحَادٍ بِظُلْمٍ نُّذِقْهُ مِنْ عَذَابٍ أَلِيمٍ } [الحج: 25] يشير إلى أن من يريد في القلب ميلاً عن الحق بظلم بوضع الشيء في غيره موضعه؛ لأن القلب معدن محبة الله تعالى يذيقه الله تعالى عذاب البعد، والقطيعة عن الحضرة { وَإِذْ بَوَّأْنَا لإِبْرَاهِيمَ } [الحج: 26]، الروح { مَكَانَ ٱلْبَيْتِ } [الحج: 26] القلب، فإن تهيؤ القلوب بتدبير الأرواح وتقدير الحق تعالى { أَن لاَّ تُشْرِكْ بِي شَيْئاً } [الحج: 26] في سكنى القلب أي: كن حارساً للقلب لئلا يسكن فيه غيري { وَطَهِّرْ بَيْتِيَ } [الحج: 26] أي: أفرغ القلب عن الأشياء سواي، وهذا كمال قال تعالى بالوحي إلى بعض أنبيائه: أفرغ لي بيتاً أسكنه، فقال: إلهي أي بيت يسعك؟ فأوحى الله إليه: ذلك قلب عبدي المؤمن، ويقال: طهر بيتي بإخراج كل نصيب لك في الدنيا والآخرة من تطلع إكرام، وتطلب إنعام أو إرادة مقام، ويقال: طهر قلبك { لِلطَّآئِفِينَ } [الحج: 26] فيها من واردات الحق وموارد الأحوال على ما يختاره الحق { وَٱلْقَآئِمِينَ } [الحج: 26] وهي الأشياء المقيمة من مستوطنات العرفان، والأمور المغيبة عن البرهان، والمطلقة بما هي حقائق البيان { وَٱلرُّكَّعِ ٱلسُّجُودِ } [الحج: 26] هي أركان الأحوال المتوالية من: الرهبة والرغبة والرجاء والمخافة والفيض والبسطة والإنس والهيبة، وفي معناه أنشد: { وَأَذِّن فِي ٱلنَّاسِ بِٱلْحَجِّ يَأْتُوكَ رِجَالاً } [الحج: 27] أي: وناد في الناسين من النفس وصفاتها والقالب وجوارحه؛ يعني: يقصدون القلب بالأعمال الشريعة البدنية، فإنهم كالكوكبات، لأن الأعمال البدنية مركبة من الحركات ونيات الضمير، كما أن أعمال النفس مفردة أنها من نيات الضمير فحسب { يَأْتِينَ مِن كُلِّ فَجٍّ عَميِقٍ } [الحج: 27] وهو سفل الدنيا؛ لأن القالب من الدنيا وأكثر استعماله في مصالح الدنيا بالجوارح والأعضاء، فردَّها إلى استعمالها في مصالح القلب إتيانها من فج عميق. { لِّيَشْهَدُواْ مَنَافِعَ لَهُمْ } [الحج: 28] أي: ليحضروا وينتفعوا بالمنافع التي هي مستكنة في القلب؛ فأمَّا النفس وصفاتها: فمنافعها تبديل الأخلاق، وأمَّا القالب وجوارحه: فمنافعهم قبول طاعتهم وأثارها على سيماهم { وَيَذْكُرُواْ ٱسْمَ ٱللَّهِ } [الحج: 28] أي: القلب والنفس والقالب شكر { عَلَىٰ مَا رَزَقَهُمْ مِّن بَهِيمَةِ ٱلأَنْعَامِ } [الحج: 28] بأن جعل الصفات البهيمية الحيوانية مبدلَّة بالصفات القلبية الروحانية الربانية.  وبقوله تعالى: { فَكُلُواْ مِنْهَا وَأَطْعِمُواْ ٱلْبَآئِسَ ٱلْفَقِيرَ } [الحج: 28] يشير إلى أن انتفعوا من هذه المقامات والكرامات، واطيبوا بمنافعها الطالب المحتاج، والقاصد إلى الله تعالى بالخدمة والهداية والإرشاد { ثُمَّ لْيَقْضُواْ } الطلاب { تَفَثَهُمْ } [الحج: 29] وهو ما يجب عليهم من شرائط الإرادة وقصد الطالب { وَلْيُوفُواْ نُذُورَهُمْ } [الحج: 29] فيما عاهدوا الله على التوجه إليه، وصدق الطلب والإرادة { وَلْيَطَّوَّفُواْ بِٱلْبَيْتِ ٱلْعَتِيقِ } [الحج: 29] أي: يطوفوا حول قرب الله تعالى بقلبه وسره، ولا يطوفوا حول ما سواه، وأراد بالعتيق القديم وهو من صفات الله عز وجل.
22,26,ثم أخبر عن أحوال النفوس المتمردة والأرواح المرتدة بقوله تعالى: { إِنَّ ٱلَّذِينَ كَفَرُواْ وَيَصُدُّونَ عَن سَبِيلِ ٱللَّهِ وَٱلْمَسْجِدِ ٱلْحَرَامِ } [الحج: 25] يشير إلى منكري هذا الشأن، فإنهم مع إنكارهم وإعراضهم عن الحق يصدون الطالبين عن طريق الله بالإنكار والاعتراضات الفاسدة على المشايخ، ويقطعون الطريق على أهل الطلب؛ ليردوهم على طلب الحق تعالى، وعن دخول مسجد حرام القلب، فإنه حرم الله تعالى.  { ٱلَّذِي جَعَلْنَاهُ لِلنَّاسِ } [الحج: 25] أي: جعلناه لهم بالاهتداء وطلب الحق لا عليهم، كالنفس الأمارة بالإضلال، والإعراض عن الحق سواء { ٱلْعَاكِفُ فِيهِ وَٱلْبَادِ } [الحج: 25] أي: يستوي في الوصول إلى مقام الطلب الذي سبق إليه بمدة طويلة، والذي يصل إليه في الحال ليس لأحد فضل على الآخرة إلا بالسبق إلى مقام القلب ومنازله.  وبقوله تعالى: { وَمَن يُرِدْ فِيهِ بِإِلْحَادٍ بِظُلْمٍ نُّذِقْهُ مِنْ عَذَابٍ أَلِيمٍ } [الحج: 25] يشير إلى أن من يريد في القلب ميلاً عن الحق بظلم بوضع الشيء في غيره موضعه؛ لأن القلب معدن محبة الله تعالى يذيقه الله تعالى عذاب البعد، والقطيعة عن الحضرة { وَإِذْ بَوَّأْنَا لإِبْرَاهِيمَ } [الحج: 26]، الروح { مَكَانَ ٱلْبَيْتِ } [الحج: 26] القلب، فإن تهيؤ القلوب بتدبير الأرواح وتقدير الحق تعالى { أَن لاَّ تُشْرِكْ بِي شَيْئاً } [الحج: 26] في سكنى القلب أي: كن حارساً للقلب لئلا يسكن فيه غيري { وَطَهِّرْ بَيْتِيَ } [الحج: 26] أي: أفرغ القلب عن الأشياء سواي، وهذا كمال قال تعالى بالوحي إلى بعض أنبيائه: أفرغ لي بيتاً أسكنه، فقال: إلهي أي بيت يسعك؟ فأوحى الله إليه: ذلك قلب عبدي المؤمن، ويقال: طهر بيتي بإخراج كل نصيب لك في الدنيا والآخرة من تطلع إكرام، وتطلب إنعام أو إرادة مقام، ويقال: طهر قلبك { لِلطَّآئِفِينَ } [الحج: 26] فيها من واردات الحق وموارد الأحوال على ما يختاره الحق { وَٱلْقَآئِمِينَ } [الحج: 26] وهي الأشياء المقيمة من مستوطنات العرفان، والأمور المغيبة عن البرهان، والمطلقة بما هي حقائق البيان { وَٱلرُّكَّعِ ٱلسُّجُودِ } [الحج: 26] هي أركان الأحوال المتوالية من: الرهبة والرغبة والرجاء والمخافة والفيض والبسطة والإنس والهيبة، وفي معناه أنشد: { وَأَذِّن فِي ٱلنَّاسِ بِٱلْحَجِّ يَأْتُوكَ رِجَالاً } [الحج: 27] أي: وناد في الناسين من النفس وصفاتها والقالب وجوارحه؛ يعني: يقصدون القلب بالأعمال الشريعة البدنية، فإنهم كالكوكبات، لأن الأعمال البدنية مركبة من الحركات ونيات الضمير، كما أن أعمال النفس مفردة أنها من نيات الضمير فحسب { يَأْتِينَ مِن كُلِّ فَجٍّ عَميِقٍ } [الحج: 27] وهو سفل الدنيا؛ لأن القالب من الدنيا وأكثر استعماله في مصالح الدنيا بالجوارح والأعضاء، فردَّها إلى استعمالها في مصالح القلب إتيانها من فج عميق. { لِّيَشْهَدُواْ مَنَافِعَ لَهُمْ } [الحج: 28] أي: ليحضروا وينتفعوا بالمنافع التي هي مستكنة في القلب؛ فأمَّا النفس وصفاتها: فمنافعها تبديل الأخلاق، وأمَّا القالب وجوارحه: فمنافعهم قبول طاعتهم وأثارها على سيماهم { وَيَذْكُرُواْ ٱسْمَ ٱللَّهِ } [الحج: 28] أي: القلب والنفس والقالب شكر { عَلَىٰ مَا رَزَقَهُمْ مِّن بَهِيمَةِ ٱلأَنْعَامِ } [الحج: 28] بأن جعل الصفات البهيمية الحيوانية مبدلَّة بالصفات القلبية الروحانية الربانية.  وبقوله تعالى: { فَكُلُواْ مِنْهَا وَأَطْعِمُواْ ٱلْبَآئِسَ ٱلْفَقِيرَ } [الحج: 28] يشير إلى أن انتفعوا من هذه المقامات والكرامات، واطيبوا بمنافعها الطالب المحتاج، والقاصد إلى الله تعالى بالخدمة والهداية والإرشاد { ثُمَّ لْيَقْضُواْ } الطلاب { تَفَثَهُمْ } [الحج: 29] وهو ما يجب عليهم من شرائط الإرادة وقصد الطالب { وَلْيُوفُواْ نُذُورَهُمْ } [الحج: 29] فيما عاهدوا الله على التوجه إليه، وصدق الطلب والإرادة { وَلْيَطَّوَّفُواْ بِٱلْبَيْتِ ٱلْعَتِيقِ } [الحج: 29] أي: يطوفوا حول قرب الله تعالى بقلبه وسره، ولا يطوفوا حول ما سواه، وأراد بالعتيق القديم وهو من صفات الله عز وجل.
22,27,ثم أخبر عن أحوال النفوس المتمردة والأرواح المرتدة بقوله تعالى: { إِنَّ ٱلَّذِينَ كَفَرُواْ وَيَصُدُّونَ عَن سَبِيلِ ٱللَّهِ وَٱلْمَسْجِدِ ٱلْحَرَامِ } [الحج: 25] يشير إلى منكري هذا الشأن، فإنهم مع إنكارهم وإعراضهم عن الحق يصدون الطالبين عن طريق الله بالإنكار والاعتراضات الفاسدة على المشايخ، ويقطعون الطريق على أهل الطلب؛ ليردوهم على طلب الحق تعالى، وعن دخول مسجد حرام القلب، فإنه حرم الله تعالى.  { ٱلَّذِي جَعَلْنَاهُ لِلنَّاسِ } [الحج: 25] أي: جعلناه لهم بالاهتداء وطلب الحق لا عليهم، كالنفس الأمارة بالإضلال، والإعراض عن الحق سواء { ٱلْعَاكِفُ فِيهِ وَٱلْبَادِ } [الحج: 25] أي: يستوي في الوصول إلى مقام الطلب الذي سبق إليه بمدة طويلة، والذي يصل إليه في الحال ليس لأحد فضل على الآخرة إلا بالسبق إلى مقام القلب ومنازله.  وبقوله تعالى: { وَمَن يُرِدْ فِيهِ بِإِلْحَادٍ بِظُلْمٍ نُّذِقْهُ مِنْ عَذَابٍ أَلِيمٍ } [الحج: 25] يشير إلى أن من يريد في القلب ميلاً عن الحق بظلم بوضع الشيء في غيره موضعه؛ لأن القلب معدن محبة الله تعالى يذيقه الله تعالى عذاب البعد، والقطيعة عن الحضرة { وَإِذْ بَوَّأْنَا لإِبْرَاهِيمَ } [الحج: 26]، الروح { مَكَانَ ٱلْبَيْتِ } [الحج: 26] القلب، فإن تهيؤ القلوب بتدبير الأرواح وتقدير الحق تعالى { أَن لاَّ تُشْرِكْ بِي شَيْئاً } [الحج: 26] في سكنى القلب أي: كن حارساً للقلب لئلا يسكن فيه غيري { وَطَهِّرْ بَيْتِيَ } [الحج: 26] أي: أفرغ القلب عن الأشياء سواي، وهذا كمال قال تعالى بالوحي إلى بعض أنبيائه: أفرغ لي بيتاً أسكنه، فقال: إلهي أي بيت يسعك؟ فأوحى الله إليه: ذلك قلب عبدي المؤمن، ويقال: طهر بيتي بإخراج كل نصيب لك في الدنيا والآخرة من تطلع إكرام، وتطلب إنعام أو إرادة مقام، ويقال: طهر قلبك { لِلطَّآئِفِينَ } [الحج: 26] فيها من واردات الحق وموارد الأحوال على ما يختاره الحق { وَٱلْقَآئِمِينَ } [الحج: 26] وهي الأشياء المقيمة من مستوطنات العرفان، والأمور المغيبة عن البرهان، والمطلقة بما هي حقائق البيان { وَٱلرُّكَّعِ ٱلسُّجُودِ } [الحج: 26] هي أركان الأحوال المتوالية من: الرهبة والرغبة والرجاء والمخافة والفيض والبسطة والإنس والهيبة، وفي معناه أنشد: { وَأَذِّن فِي ٱلنَّاسِ بِٱلْحَجِّ يَأْتُوكَ رِجَالاً } [الحج: 27] أي: وناد في الناسين من النفس وصفاتها والقالب وجوارحه؛ يعني: يقصدون القلب بالأعمال الشريعة البدنية، فإنهم كالكوكبات، لأن الأعمال البدنية مركبة من الحركات ونيات الضمير، كما أن أعمال النفس مفردة أنها من نيات الضمير فحسب { يَأْتِينَ مِن كُلِّ فَجٍّ عَميِقٍ } [الحج: 27] وهو سفل الدنيا؛ لأن القالب من الدنيا وأكثر استعماله في مصالح الدنيا بالجوارح والأعضاء، فردَّها إلى استعمالها في مصالح القلب إتيانها من فج عميق. { لِّيَشْهَدُواْ مَنَافِعَ لَهُمْ } [الحج: 28] أي: ليحضروا وينتفعوا بالمنافع التي هي مستكنة في القلب؛ فأمَّا النفس وصفاتها: فمنافعها تبديل الأخلاق، وأمَّا القالب وجوارحه: فمنافعهم قبول طاعتهم وأثارها على سيماهم { وَيَذْكُرُواْ ٱسْمَ ٱللَّهِ } [الحج: 28] أي: القلب والنفس والقالب شكر { عَلَىٰ مَا رَزَقَهُمْ مِّن بَهِيمَةِ ٱلأَنْعَامِ } [الحج: 28] بأن جعل الصفات البهيمية الحيوانية مبدلَّة بالصفات القلبية الروحانية الربانية.  وبقوله تعالى: { فَكُلُواْ مِنْهَا وَأَطْعِمُواْ ٱلْبَآئِسَ ٱلْفَقِيرَ } [الحج: 28] يشير إلى أن انتفعوا من هذه المقامات والكرامات، واطيبوا بمنافعها الطالب المحتاج، والقاصد إلى الله تعالى بالخدمة والهداية والإرشاد { ثُمَّ لْيَقْضُواْ } الطلاب { تَفَثَهُمْ } [الحج: 29] وهو ما يجب عليهم من شرائط الإرادة وقصد الطالب { وَلْيُوفُواْ نُذُورَهُمْ } [الحج: 29] فيما عاهدوا الله على التوجه إليه، وصدق الطلب والإرادة { وَلْيَطَّوَّفُواْ بِٱلْبَيْتِ ٱلْعَتِيقِ } [الحج: 29] أي: يطوفوا حول قرب الله تعالى بقلبه وسره، ولا يطوفوا حول ما سواه، وأراد بالعتيق القديم وهو من صفات الله عز وجل.
22,28,ثم أخبر عن أحوال النفوس المتمردة والأرواح المرتدة بقوله تعالى: { إِنَّ ٱلَّذِينَ كَفَرُواْ وَيَصُدُّونَ عَن سَبِيلِ ٱللَّهِ وَٱلْمَسْجِدِ ٱلْحَرَامِ } [الحج: 25] يشير إلى منكري هذا الشأن، فإنهم مع إنكارهم وإعراضهم عن الحق يصدون الطالبين عن طريق الله بالإنكار والاعتراضات الفاسدة على المشايخ، ويقطعون الطريق على أهل الطلب؛ ليردوهم على طلب الحق تعالى، وعن دخول مسجد حرام القلب، فإنه حرم الله تعالى.  { ٱلَّذِي جَعَلْنَاهُ لِلنَّاسِ } [الحج: 25] أي: جعلناه لهم بالاهتداء وطلب الحق لا عليهم، كالنفس الأمارة بالإضلال، والإعراض عن الحق سواء { ٱلْعَاكِفُ فِيهِ وَٱلْبَادِ } [الحج: 25] أي: يستوي في الوصول إلى مقام الطلب الذي سبق إليه بمدة طويلة، والذي يصل إليه في الحال ليس لأحد فضل على الآخرة إلا بالسبق إلى مقام القلب ومنازله.  وبقوله تعالى: { وَمَن يُرِدْ فِيهِ بِإِلْحَادٍ بِظُلْمٍ نُّذِقْهُ مِنْ عَذَابٍ أَلِيمٍ } [الحج: 25] يشير إلى أن من يريد في القلب ميلاً عن الحق بظلم بوضع الشيء في غيره موضعه؛ لأن القلب معدن محبة الله تعالى يذيقه الله تعالى عذاب البعد، والقطيعة عن الحضرة { وَإِذْ بَوَّأْنَا لإِبْرَاهِيمَ } [الحج: 26]، الروح { مَكَانَ ٱلْبَيْتِ } [الحج: 26] القلب، فإن تهيؤ القلوب بتدبير الأرواح وتقدير الحق تعالى { أَن لاَّ تُشْرِكْ بِي شَيْئاً } [الحج: 26] في سكنى القلب أي: كن حارساً للقلب لئلا يسكن فيه غيري { وَطَهِّرْ بَيْتِيَ } [الحج: 26] أي: أفرغ القلب عن الأشياء سواي، وهذا كمال قال تعالى بالوحي إلى بعض أنبيائه: أفرغ لي بيتاً أسكنه، فقال: إلهي أي بيت يسعك؟ فأوحى الله إليه: ذلك قلب عبدي المؤمن، ويقال: طهر بيتي بإخراج كل نصيب لك في الدنيا والآخرة من تطلع إكرام، وتطلب إنعام أو إرادة مقام، ويقال: طهر قلبك { لِلطَّآئِفِينَ } [الحج: 26] فيها من واردات الحق وموارد الأحوال على ما يختاره الحق { وَٱلْقَآئِمِينَ } [الحج: 26] وهي الأشياء المقيمة من مستوطنات العرفان، والأمور المغيبة عن البرهان، والمطلقة بما هي حقائق البيان { وَٱلرُّكَّعِ ٱلسُّجُودِ } [الحج: 26] هي أركان الأحوال المتوالية من: الرهبة والرغبة والرجاء والمخافة والفيض والبسطة والإنس والهيبة، وفي معناه أنشد: { وَأَذِّن فِي ٱلنَّاسِ بِٱلْحَجِّ يَأْتُوكَ رِجَالاً } [الحج: 27] أي: وناد في الناسين من النفس وصفاتها والقالب وجوارحه؛ يعني: يقصدون القلب بالأعمال الشريعة البدنية، فإنهم كالكوكبات، لأن الأعمال البدنية مركبة من الحركات ونيات الضمير، كما أن أعمال النفس مفردة أنها من نيات الضمير فحسب { يَأْتِينَ مِن كُلِّ فَجٍّ عَميِقٍ } [الحج: 27] وهو سفل الدنيا؛ لأن القالب من الدنيا وأكثر استعماله في مصالح الدنيا بالجوارح والأعضاء، فردَّها إلى استعمالها في مصالح القلب إتيانها من فج عميق. { لِّيَشْهَدُواْ مَنَافِعَ لَهُمْ } [الحج: 28] أي: ليحضروا وينتفعوا بالمنافع التي هي مستكنة في القلب؛ فأمَّا النفس وصفاتها: فمنافعها تبديل الأخلاق، وأمَّا القالب وجوارحه: فمنافعهم قبول طاعتهم وأثارها على سيماهم { وَيَذْكُرُواْ ٱسْمَ ٱللَّهِ } [الحج: 28] أي: القلب والنفس والقالب شكر { عَلَىٰ مَا رَزَقَهُمْ مِّن بَهِيمَةِ ٱلأَنْعَامِ } [الحج: 28] بأن جعل الصفات البهيمية الحيوانية مبدلَّة بالصفات القلبية الروحانية الربانية.  وبقوله تعالى: { فَكُلُواْ مِنْهَا وَأَطْعِمُواْ ٱلْبَآئِسَ ٱلْفَقِيرَ } [الحج: 28] يشير إلى أن انتفعوا من هذه المقامات والكرامات، واطيبوا بمنافعها الطالب المحتاج، والقاصد إلى الله تعالى بالخدمة والهداية والإرشاد { ثُمَّ لْيَقْضُواْ } الطلاب { تَفَثَهُمْ } [الحج: 29] وهو ما يجب عليهم من شرائط الإرادة وقصد الطالب { وَلْيُوفُواْ نُذُورَهُمْ } [الحج: 29] فيما عاهدوا الله على التوجه إليه، وصدق الطلب والإرادة { وَلْيَطَّوَّفُواْ بِٱلْبَيْتِ ٱلْعَتِيقِ } [الحج: 29] أي: يطوفوا حول قرب الله تعالى بقلبه وسره، ولا يطوفوا حول ما سواه، وأراد بالعتيق القديم وهو من صفات الله عز وجل.
22,29,ثم أخبر عن أحوال النفوس المتمردة والأرواح المرتدة بقوله تعالى: { إِنَّ ٱلَّذِينَ كَفَرُواْ وَيَصُدُّونَ عَن سَبِيلِ ٱللَّهِ وَٱلْمَسْجِدِ ٱلْحَرَامِ } [الحج: 25] يشير إلى منكري هذا الشأن، فإنهم مع إنكارهم وإعراضهم عن الحق يصدون الطالبين عن طريق الله بالإنكار والاعتراضات الفاسدة على المشايخ، ويقطعون الطريق على أهل الطلب؛ ليردوهم على طلب الحق تعالى، وعن دخول مسجد حرام القلب، فإنه حرم الله تعالى.  { ٱلَّذِي جَعَلْنَاهُ لِلنَّاسِ } [الحج: 25] أي: جعلناه لهم بالاهتداء وطلب الحق لا عليهم، كالنفس الأمارة بالإضلال، والإعراض عن الحق سواء { ٱلْعَاكِفُ فِيهِ وَٱلْبَادِ } [الحج: 25] أي: يستوي في الوصول إلى مقام الطلب الذي سبق إليه بمدة طويلة، والذي يصل إليه في الحال ليس لأحد فضل على الآخرة إلا بالسبق إلى مقام القلب ومنازله.  وبقوله تعالى: { وَمَن يُرِدْ فِيهِ بِإِلْحَادٍ بِظُلْمٍ نُّذِقْهُ مِنْ عَذَابٍ أَلِيمٍ } [الحج: 25] يشير إلى أن من يريد في القلب ميلاً عن الحق بظلم بوضع الشيء في غيره موضعه؛ لأن القلب معدن محبة الله تعالى يذيقه الله تعالى عذاب البعد، والقطيعة عن الحضرة { وَإِذْ بَوَّأْنَا لإِبْرَاهِيمَ } [الحج: 26]، الروح { مَكَانَ ٱلْبَيْتِ } [الحج: 26] القلب، فإن تهيؤ القلوب بتدبير الأرواح وتقدير الحق تعالى { أَن لاَّ تُشْرِكْ بِي شَيْئاً } [الحج: 26] في سكنى القلب أي: كن حارساً للقلب لئلا يسكن فيه غيري { وَطَهِّرْ بَيْتِيَ } [الحج: 26] أي: أفرغ القلب عن الأشياء سواي، وهذا كمال قال تعالى بالوحي إلى بعض أنبيائه: أفرغ لي بيتاً أسكنه، فقال: إلهي أي بيت يسعك؟ فأوحى الله إليه: ذلك قلب عبدي المؤمن، ويقال: طهر بيتي بإخراج كل نصيب لك في الدنيا والآخرة من تطلع إكرام، وتطلب إنعام أو إرادة مقام، ويقال: طهر قلبك { لِلطَّآئِفِينَ } [الحج: 26] فيها من واردات الحق وموارد الأحوال على ما يختاره الحق { وَٱلْقَآئِمِينَ } [الحج: 26] وهي الأشياء المقيمة من مستوطنات العرفان، والأمور المغيبة عن البرهان، والمطلقة بما هي حقائق البيان { وَٱلرُّكَّعِ ٱلسُّجُودِ } [الحج: 26] هي أركان الأحوال المتوالية من: الرهبة والرغبة والرجاء والمخافة والفيض والبسطة والإنس والهيبة، وفي معناه أنشد: { وَأَذِّن فِي ٱلنَّاسِ بِٱلْحَجِّ يَأْتُوكَ رِجَالاً } [الحج: 27] أي: وناد في الناسين من النفس وصفاتها والقالب وجوارحه؛ يعني: يقصدون القلب بالأعمال الشريعة البدنية، فإنهم كالكوكبات، لأن الأعمال البدنية مركبة من الحركات ونيات الضمير، كما أن أعمال النفس مفردة أنها من نيات الضمير فحسب { يَأْتِينَ مِن كُلِّ فَجٍّ عَميِقٍ } [الحج: 27] وهو سفل الدنيا؛ لأن القالب من الدنيا وأكثر استعماله في مصالح الدنيا بالجوارح والأعضاء، فردَّها إلى استعمالها في مصالح القلب إتيانها من فج عميق. { لِّيَشْهَدُواْ مَنَافِعَ لَهُمْ } [الحج: 28] أي: ليحضروا وينتفعوا بالمنافع التي هي مستكنة في القلب؛ فأمَّا النفس وصفاتها: فمنافعها تبديل الأخلاق، وأمَّا القالب وجوارحه: فمنافعهم قبول طاعتهم وأثارها على سيماهم { وَيَذْكُرُواْ ٱسْمَ ٱللَّهِ } [الحج: 28] أي: القلب والنفس والقالب شكر { عَلَىٰ مَا رَزَقَهُمْ مِّن بَهِيمَةِ ٱلأَنْعَامِ } [الحج: 28] بأن جعل الصفات البهيمية الحيوانية مبدلَّة بالصفات القلبية الروحانية الربانية.  وبقوله تعالى: { فَكُلُواْ مِنْهَا وَأَطْعِمُواْ ٱلْبَآئِسَ ٱلْفَقِيرَ } [الحج: 28] يشير إلى أن انتفعوا من هذه المقامات والكرامات، واطيبوا بمنافعها الطالب المحتاج، والقاصد إلى الله تعالى بالخدمة والهداية والإرشاد { ثُمَّ لْيَقْضُواْ } الطلاب { تَفَثَهُمْ } [الحج: 29] وهو ما يجب عليهم من شرائط الإرادة وقصد الطالب { وَلْيُوفُواْ نُذُورَهُمْ } [الحج: 29] فيما عاهدوا الله على التوجه إليه، وصدق الطلب والإرادة { وَلْيَطَّوَّفُواْ بِٱلْبَيْتِ ٱلْعَتِيقِ } [الحج: 29] أي: يطوفوا حول قرب الله تعالى بقلبه وسره، ولا يطوفوا حول ما سواه، وأراد بالعتيق القديم وهو من صفات الله عز وجل.
22,30,"ثم أخبر عن تعظيم حرمات الله في ذات الله بقوله تعالى: { ذٰلِكَ وَمَن يُعَظِّمْ حُرُمَاتِ ٱللَّهِ فَهُوَ خَيْرٌ لَّهُ عِندَ رَبِّهِ } [الحج: 30] يشير إلى أن تعظيم حرمات الله تعالى هو تعظيم الله في ترك ما حرَّمه الله عليه، وتعظيم ما أمره الله تعالى بالطاعة يصل العبد إلى الجنة، وبالحرمة يصل إلى الله تعالى، ولهذا قال: { فَهُوَ خَيْرٌ لَّهُ عِندَ رَبِّهِ } [الحج: 30] يعني: تعظيم الحرمة خير للعبد في التقرب إلى الله تعالى من تقربه بالطاعة، ويقال: ترك الطاعة يوجب العقوبة، وترك الحرمة يوجب الفرقة، ويقال: كل شيء من المخالفات؛ فللعفو فيه مساغ، وللعمل فيه طريق، وترك الحرمة على خطر ألاَّ يغفر ذلك، وذلك بأن يؤدي شؤمه بصاحبه أن يختل دينه وتوحيده.  وبقوله: { وَأُحِلَّتْ لَكُمُ ٱلأَنْعَامُ } [الحج: 30] يشير إلى أن استعمال البهيمة فيما مسَّت إليه الحاجة الإنسانية حلال ولا يقطع الطريق على السالك { إِلاَّ مَا يُتْلَىٰ عَلَيْكُمْ } [الحج: 30] في القرآن وهو قوله تعالى: [الأعراف: 31] وفي حديث فيه في وهو قوله صلى الله عليه وسلم: "" من حسن إسلام المرء تركه ما لا يعنيه، فاجتنبوا الرجس من الأوثان "" ؛ أي: واجتنبوا رجس كل ما اتخذه هواكم معبوده من شهوات الدنيا والآخرة والوثن الحقيقي لكل أحد نفسه { وَٱجْتَنِبُواْ قَوْلَ ٱلزُّورِ } [الحج: 30] وهو قوله باللسان مما لا يساعده قول القلب، ومن عاهد الله بقلبه في صدق الطلب ثم لا يفي ذلك فهو من جملة الزور { حُنَفَآءَ } [الحج: 31] لله ما يلين إلى الحق من الباطل في القلب، وفي النفس، وفي الجهر، وفي السر، وفي الأفعال، وفي الأحوال، وفي الأقوال مستقيمين عليه؟  { غَيْرَ مُشْرِكِينَ بِهِ } [الحج: 31] في طلب بما سوى الله { وَمَن يُشْرِكْ بِٱللَّهِ } [الحج: 31] أي: يطلب غير الله { فَكَأَنَّمَا خَرَّ مِنَ ٱلسَّمَآءِ } [الحج: 31] أي: سقط من سماء القلب { فَتَخْطَفُهُ ٱلطَّيْرُ } [الحج: 31] الشيطان والهوى ويهويان به في أسفل سافلين أبعد { أَوْ تَهْوِي بِهِ ٱلرِّيحُ } [الحج: 31] ريح القهر والخذلان { فِي مَكَانٍ سَحِيقٍ } [الحج: 31] بعيد من الحق سبحانه ذلك؛ أي: الذي ذكرت من اجتناب الرجس وقول الزور { وَمَن يُعَظِّمْ شَعَائِرَ ٱللَّهِ } [الحج: 32] وهي أعلام وشواهد مما يرد في إرشاده إلى الصراط المستقيم { فَإِنَّهَا مِن تَقْوَى ٱلْقُلُوبِ } [الحج: 32] أي: فكلها دلالات على ارتقاء القلوب بالله عمَّا سواه.  { لَكُمْ فِيهَا مَنَافِعُ } [الحج: 33] لكل من تلك الجملة بقدرة وحدة الأقوام بركات في العبور على المقامات، ولآخرين في حلاوة طاعتهم، ولآخرين في الذات يبسطهم، ولآخرين في اُنسهم بالله { إِلَىٰ أَجَلٍ مُّسَمًّى } [الحج: 33] وهو بلوغ حد كمالهم، ثم محلها إلى البيت العتيق ذلك محل كل سالك إلى حضرة القديم ومنزلة { وَلِكُلِّ أُمَّةٍ جَعَلْنَا مَنسَكاً } [الحج: 34] أي: ولكل سالك جعلنا طريقة ومقاماً وقربة على اختلاف طبقاتهم:  * فمنهم: من يطلب الله من طريق المعاملات. * ومنهم: من يطلب من باب المجاهدات.  * ومنهم: من يطلبه بطريق المعارف.  * ومنهم: من يطلبه به؛ { لِّيَذْكُرُواْ ٱسْمَ ٱللَّهِ } [الحج: 34] أي: لتتمسك كل طائفة منهم في الطلب بذكر الله تعالى { عَلَىٰ مَا رَزَقَهُمْ مِّن بَهِيمَةِ ٱلأَنْعَامِ } [الحج: 34] أي: على رزقهم من قهر النفس من العبور على المقامات، والوصول إلى الكمال { فَإِلَـٰهُكُمْ إِلَـٰهٌ وَاحِدٌ } [الحج: 34] الذي وفقكم لهذه الكرامات ونيل الدرجات، فله أسلموا لما قدر لكم في الأزل، وحكم به استسلاماً من داخل القلب لا من الفرط والإسلام يكون بمعنى الإخلاص والإخلاص من تصفية الأعمال من الآفات، ثم تصفية الأخلاق من الكدورات، ثم تصفية الأحوال من الالتفات، ثم تصفية الانفكاك من الأغيار { وَبَشِّرِ ٱلْمُخْبِتِينَ } [الحج: 34] أي: المستقيمين على هذه الطريقة بقدر الاستطاعة."
22,31,"ثم أخبر عن تعظيم حرمات الله في ذات الله بقوله تعالى: { ذٰلِكَ وَمَن يُعَظِّمْ حُرُمَاتِ ٱللَّهِ فَهُوَ خَيْرٌ لَّهُ عِندَ رَبِّهِ } [الحج: 30] يشير إلى أن تعظيم حرمات الله تعالى هو تعظيم الله في ترك ما حرَّمه الله عليه، وتعظيم ما أمره الله تعالى بالطاعة يصل العبد إلى الجنة، وبالحرمة يصل إلى الله تعالى، ولهذا قال: { فَهُوَ خَيْرٌ لَّهُ عِندَ رَبِّهِ } [الحج: 30] يعني: تعظيم الحرمة خير للعبد في التقرب إلى الله تعالى من تقربه بالطاعة، ويقال: ترك الطاعة يوجب العقوبة، وترك الحرمة يوجب الفرقة، ويقال: كل شيء من المخالفات؛ فللعفو فيه مساغ، وللعمل فيه طريق، وترك الحرمة على خطر ألاَّ يغفر ذلك، وذلك بأن يؤدي شؤمه بصاحبه أن يختل دينه وتوحيده.  وبقوله: { وَأُحِلَّتْ لَكُمُ ٱلأَنْعَامُ } [الحج: 30] يشير إلى أن استعمال البهيمة فيما مسَّت إليه الحاجة الإنسانية حلال ولا يقطع الطريق على السالك { إِلاَّ مَا يُتْلَىٰ عَلَيْكُمْ } [الحج: 30] في القرآن وهو قوله تعالى: [الأعراف: 31] وفي حديث فيه في وهو قوله صلى الله عليه وسلم: "" من حسن إسلام المرء تركه ما لا يعنيه، فاجتنبوا الرجس من الأوثان "" ؛ أي: واجتنبوا رجس كل ما اتخذه هواكم معبوده من شهوات الدنيا والآخرة والوثن الحقيقي لكل أحد نفسه { وَٱجْتَنِبُواْ قَوْلَ ٱلزُّورِ } [الحج: 30] وهو قوله باللسان مما لا يساعده قول القلب، ومن عاهد الله بقلبه في صدق الطلب ثم لا يفي ذلك فهو من جملة الزور { حُنَفَآءَ } [الحج: 31] لله ما يلين إلى الحق من الباطل في القلب، وفي النفس، وفي الجهر، وفي السر، وفي الأفعال، وفي الأحوال، وفي الأقوال مستقيمين عليه؟  { غَيْرَ مُشْرِكِينَ بِهِ } [الحج: 31] في طلب بما سوى الله { وَمَن يُشْرِكْ بِٱللَّهِ } [الحج: 31] أي: يطلب غير الله { فَكَأَنَّمَا خَرَّ مِنَ ٱلسَّمَآءِ } [الحج: 31] أي: سقط من سماء القلب { فَتَخْطَفُهُ ٱلطَّيْرُ } [الحج: 31] الشيطان والهوى ويهويان به في أسفل سافلين أبعد { أَوْ تَهْوِي بِهِ ٱلرِّيحُ } [الحج: 31] ريح القهر والخذلان { فِي مَكَانٍ سَحِيقٍ } [الحج: 31] بعيد من الحق سبحانه ذلك؛ أي: الذي ذكرت من اجتناب الرجس وقول الزور { وَمَن يُعَظِّمْ شَعَائِرَ ٱللَّهِ } [الحج: 32] وهي أعلام وشواهد مما يرد في إرشاده إلى الصراط المستقيم { فَإِنَّهَا مِن تَقْوَى ٱلْقُلُوبِ } [الحج: 32] أي: فكلها دلالات على ارتقاء القلوب بالله عمَّا سواه.  { لَكُمْ فِيهَا مَنَافِعُ } [الحج: 33] لكل من تلك الجملة بقدرة وحدة الأقوام بركات في العبور على المقامات، ولآخرين في حلاوة طاعتهم، ولآخرين في الذات يبسطهم، ولآخرين في اُنسهم بالله { إِلَىٰ أَجَلٍ مُّسَمًّى } [الحج: 33] وهو بلوغ حد كمالهم، ثم محلها إلى البيت العتيق ذلك محل كل سالك إلى حضرة القديم ومنزلة { وَلِكُلِّ أُمَّةٍ جَعَلْنَا مَنسَكاً } [الحج: 34] أي: ولكل سالك جعلنا طريقة ومقاماً وقربة على اختلاف طبقاتهم:  * فمنهم: من يطلب الله من طريق المعاملات. * ومنهم: من يطلب من باب المجاهدات.  * ومنهم: من يطلبه بطريق المعارف.  * ومنهم: من يطلبه به؛ { لِّيَذْكُرُواْ ٱسْمَ ٱللَّهِ } [الحج: 34] أي: لتتمسك كل طائفة منهم في الطلب بذكر الله تعالى { عَلَىٰ مَا رَزَقَهُمْ مِّن بَهِيمَةِ ٱلأَنْعَامِ } [الحج: 34] أي: على رزقهم من قهر النفس من العبور على المقامات، والوصول إلى الكمال { فَإِلَـٰهُكُمْ إِلَـٰهٌ وَاحِدٌ } [الحج: 34] الذي وفقكم لهذه الكرامات ونيل الدرجات، فله أسلموا لما قدر لكم في الأزل، وحكم به استسلاماً من داخل القلب لا من الفرط والإسلام يكون بمعنى الإخلاص والإخلاص من تصفية الأعمال من الآفات، ثم تصفية الأخلاق من الكدورات، ثم تصفية الأحوال من الالتفات، ثم تصفية الانفكاك من الأغيار { وَبَشِّرِ ٱلْمُخْبِتِينَ } [الحج: 34] أي: المستقيمين على هذه الطريقة بقدر الاستطاعة."
22,32,"ثم أخبر عن تعظيم حرمات الله في ذات الله بقوله تعالى: { ذٰلِكَ وَمَن يُعَظِّمْ حُرُمَاتِ ٱللَّهِ فَهُوَ خَيْرٌ لَّهُ عِندَ رَبِّهِ } [الحج: 30] يشير إلى أن تعظيم حرمات الله تعالى هو تعظيم الله في ترك ما حرَّمه الله عليه، وتعظيم ما أمره الله تعالى بالطاعة يصل العبد إلى الجنة، وبالحرمة يصل إلى الله تعالى، ولهذا قال: { فَهُوَ خَيْرٌ لَّهُ عِندَ رَبِّهِ } [الحج: 30] يعني: تعظيم الحرمة خير للعبد في التقرب إلى الله تعالى من تقربه بالطاعة، ويقال: ترك الطاعة يوجب العقوبة، وترك الحرمة يوجب الفرقة، ويقال: كل شيء من المخالفات؛ فللعفو فيه مساغ، وللعمل فيه طريق، وترك الحرمة على خطر ألاَّ يغفر ذلك، وذلك بأن يؤدي شؤمه بصاحبه أن يختل دينه وتوحيده.  وبقوله: { وَأُحِلَّتْ لَكُمُ ٱلأَنْعَامُ } [الحج: 30] يشير إلى أن استعمال البهيمة فيما مسَّت إليه الحاجة الإنسانية حلال ولا يقطع الطريق على السالك { إِلاَّ مَا يُتْلَىٰ عَلَيْكُمْ } [الحج: 30] في القرآن وهو قوله تعالى: [الأعراف: 31] وفي حديث فيه في وهو قوله صلى الله عليه وسلم: "" من حسن إسلام المرء تركه ما لا يعنيه، فاجتنبوا الرجس من الأوثان "" ؛ أي: واجتنبوا رجس كل ما اتخذه هواكم معبوده من شهوات الدنيا والآخرة والوثن الحقيقي لكل أحد نفسه { وَٱجْتَنِبُواْ قَوْلَ ٱلزُّورِ } [الحج: 30] وهو قوله باللسان مما لا يساعده قول القلب، ومن عاهد الله بقلبه في صدق الطلب ثم لا يفي ذلك فهو من جملة الزور { حُنَفَآءَ } [الحج: 31] لله ما يلين إلى الحق من الباطل في القلب، وفي النفس، وفي الجهر، وفي السر، وفي الأفعال، وفي الأحوال، وفي الأقوال مستقيمين عليه؟  { غَيْرَ مُشْرِكِينَ بِهِ } [الحج: 31] في طلب بما سوى الله { وَمَن يُشْرِكْ بِٱللَّهِ } [الحج: 31] أي: يطلب غير الله { فَكَأَنَّمَا خَرَّ مِنَ ٱلسَّمَآءِ } [الحج: 31] أي: سقط من سماء القلب { فَتَخْطَفُهُ ٱلطَّيْرُ } [الحج: 31] الشيطان والهوى ويهويان به في أسفل سافلين أبعد { أَوْ تَهْوِي بِهِ ٱلرِّيحُ } [الحج: 31] ريح القهر والخذلان { فِي مَكَانٍ سَحِيقٍ } [الحج: 31] بعيد من الحق سبحانه ذلك؛ أي: الذي ذكرت من اجتناب الرجس وقول الزور { وَمَن يُعَظِّمْ شَعَائِرَ ٱللَّهِ } [الحج: 32] وهي أعلام وشواهد مما يرد في إرشاده إلى الصراط المستقيم { فَإِنَّهَا مِن تَقْوَى ٱلْقُلُوبِ } [الحج: 32] أي: فكلها دلالات على ارتقاء القلوب بالله عمَّا سواه.  { لَكُمْ فِيهَا مَنَافِعُ } [الحج: 33] لكل من تلك الجملة بقدرة وحدة الأقوام بركات في العبور على المقامات، ولآخرين في حلاوة طاعتهم، ولآخرين في الذات يبسطهم، ولآخرين في اُنسهم بالله { إِلَىٰ أَجَلٍ مُّسَمًّى } [الحج: 33] وهو بلوغ حد كمالهم، ثم محلها إلى البيت العتيق ذلك محل كل سالك إلى حضرة القديم ومنزلة { وَلِكُلِّ أُمَّةٍ جَعَلْنَا مَنسَكاً } [الحج: 34] أي: ولكل سالك جعلنا طريقة ومقاماً وقربة على اختلاف طبقاتهم:  * فمنهم: من يطلب الله من طريق المعاملات. * ومنهم: من يطلب من باب المجاهدات.  * ومنهم: من يطلبه بطريق المعارف.  * ومنهم: من يطلبه به؛ { لِّيَذْكُرُواْ ٱسْمَ ٱللَّهِ } [الحج: 34] أي: لتتمسك كل طائفة منهم في الطلب بذكر الله تعالى { عَلَىٰ مَا رَزَقَهُمْ مِّن بَهِيمَةِ ٱلأَنْعَامِ } [الحج: 34] أي: على رزقهم من قهر النفس من العبور على المقامات، والوصول إلى الكمال { فَإِلَـٰهُكُمْ إِلَـٰهٌ وَاحِدٌ } [الحج: 34] الذي وفقكم لهذه الكرامات ونيل الدرجات، فله أسلموا لما قدر لكم في الأزل، وحكم به استسلاماً من داخل القلب لا من الفرط والإسلام يكون بمعنى الإخلاص والإخلاص من تصفية الأعمال من الآفات، ثم تصفية الأخلاق من الكدورات، ثم تصفية الأحوال من الالتفات، ثم تصفية الانفكاك من الأغيار { وَبَشِّرِ ٱلْمُخْبِتِينَ } [الحج: 34] أي: المستقيمين على هذه الطريقة بقدر الاستطاعة."
22,33,"ثم أخبر عن تعظيم حرمات الله في ذات الله بقوله تعالى: { ذٰلِكَ وَمَن يُعَظِّمْ حُرُمَاتِ ٱللَّهِ فَهُوَ خَيْرٌ لَّهُ عِندَ رَبِّهِ } [الحج: 30] يشير إلى أن تعظيم حرمات الله تعالى هو تعظيم الله في ترك ما حرَّمه الله عليه، وتعظيم ما أمره الله تعالى بالطاعة يصل العبد إلى الجنة، وبالحرمة يصل إلى الله تعالى، ولهذا قال: { فَهُوَ خَيْرٌ لَّهُ عِندَ رَبِّهِ } [الحج: 30] يعني: تعظيم الحرمة خير للعبد في التقرب إلى الله تعالى من تقربه بالطاعة، ويقال: ترك الطاعة يوجب العقوبة، وترك الحرمة يوجب الفرقة، ويقال: كل شيء من المخالفات؛ فللعفو فيه مساغ، وللعمل فيه طريق، وترك الحرمة على خطر ألاَّ يغفر ذلك، وذلك بأن يؤدي شؤمه بصاحبه أن يختل دينه وتوحيده.  وبقوله: { وَأُحِلَّتْ لَكُمُ ٱلأَنْعَامُ } [الحج: 30] يشير إلى أن استعمال البهيمة فيما مسَّت إليه الحاجة الإنسانية حلال ولا يقطع الطريق على السالك { إِلاَّ مَا يُتْلَىٰ عَلَيْكُمْ } [الحج: 30] في القرآن وهو قوله تعالى: [الأعراف: 31] وفي حديث فيه في وهو قوله صلى الله عليه وسلم: "" من حسن إسلام المرء تركه ما لا يعنيه، فاجتنبوا الرجس من الأوثان "" ؛ أي: واجتنبوا رجس كل ما اتخذه هواكم معبوده من شهوات الدنيا والآخرة والوثن الحقيقي لكل أحد نفسه { وَٱجْتَنِبُواْ قَوْلَ ٱلزُّورِ } [الحج: 30] وهو قوله باللسان مما لا يساعده قول القلب، ومن عاهد الله بقلبه في صدق الطلب ثم لا يفي ذلك فهو من جملة الزور { حُنَفَآءَ } [الحج: 31] لله ما يلين إلى الحق من الباطل في القلب، وفي النفس، وفي الجهر، وفي السر، وفي الأفعال، وفي الأحوال، وفي الأقوال مستقيمين عليه؟  { غَيْرَ مُشْرِكِينَ بِهِ } [الحج: 31] في طلب بما سوى الله { وَمَن يُشْرِكْ بِٱللَّهِ } [الحج: 31] أي: يطلب غير الله { فَكَأَنَّمَا خَرَّ مِنَ ٱلسَّمَآءِ } [الحج: 31] أي: سقط من سماء القلب { فَتَخْطَفُهُ ٱلطَّيْرُ } [الحج: 31] الشيطان والهوى ويهويان به في أسفل سافلين أبعد { أَوْ تَهْوِي بِهِ ٱلرِّيحُ } [الحج: 31] ريح القهر والخذلان { فِي مَكَانٍ سَحِيقٍ } [الحج: 31] بعيد من الحق سبحانه ذلك؛ أي: الذي ذكرت من اجتناب الرجس وقول الزور { وَمَن يُعَظِّمْ شَعَائِرَ ٱللَّهِ } [الحج: 32] وهي أعلام وشواهد مما يرد في إرشاده إلى الصراط المستقيم { فَإِنَّهَا مِن تَقْوَى ٱلْقُلُوبِ } [الحج: 32] أي: فكلها دلالات على ارتقاء القلوب بالله عمَّا سواه.  { لَكُمْ فِيهَا مَنَافِعُ } [الحج: 33] لكل من تلك الجملة بقدرة وحدة الأقوام بركات في العبور على المقامات، ولآخرين في حلاوة طاعتهم، ولآخرين في الذات يبسطهم، ولآخرين في اُنسهم بالله { إِلَىٰ أَجَلٍ مُّسَمًّى } [الحج: 33] وهو بلوغ حد كمالهم، ثم محلها إلى البيت العتيق ذلك محل كل سالك إلى حضرة القديم ومنزلة { وَلِكُلِّ أُمَّةٍ جَعَلْنَا مَنسَكاً } [الحج: 34] أي: ولكل سالك جعلنا طريقة ومقاماً وقربة على اختلاف طبقاتهم:  * فمنهم: من يطلب الله من طريق المعاملات. * ومنهم: من يطلب من باب المجاهدات.  * ومنهم: من يطلبه بطريق المعارف.  * ومنهم: من يطلبه به؛ { لِّيَذْكُرُواْ ٱسْمَ ٱللَّهِ } [الحج: 34] أي: لتتمسك كل طائفة منهم في الطلب بذكر الله تعالى { عَلَىٰ مَا رَزَقَهُمْ مِّن بَهِيمَةِ ٱلأَنْعَامِ } [الحج: 34] أي: على رزقهم من قهر النفس من العبور على المقامات، والوصول إلى الكمال { فَإِلَـٰهُكُمْ إِلَـٰهٌ وَاحِدٌ } [الحج: 34] الذي وفقكم لهذه الكرامات ونيل الدرجات، فله أسلموا لما قدر لكم في الأزل، وحكم به استسلاماً من داخل القلب لا من الفرط والإسلام يكون بمعنى الإخلاص والإخلاص من تصفية الأعمال من الآفات، ثم تصفية الأخلاق من الكدورات، ثم تصفية الأحوال من الالتفات، ثم تصفية الانفكاك من الأغيار { وَبَشِّرِ ٱلْمُخْبِتِينَ } [الحج: 34] أي: المستقيمين على هذه الطريقة بقدر الاستطاعة."
22,34,"ثم أخبر عن تعظيم حرمات الله في ذات الله بقوله تعالى: { ذٰلِكَ وَمَن يُعَظِّمْ حُرُمَاتِ ٱللَّهِ فَهُوَ خَيْرٌ لَّهُ عِندَ رَبِّهِ } [الحج: 30] يشير إلى أن تعظيم حرمات الله تعالى هو تعظيم الله في ترك ما حرَّمه الله عليه، وتعظيم ما أمره الله تعالى بالطاعة يصل العبد إلى الجنة، وبالحرمة يصل إلى الله تعالى، ولهذا قال: { فَهُوَ خَيْرٌ لَّهُ عِندَ رَبِّهِ } [الحج: 30] يعني: تعظيم الحرمة خير للعبد في التقرب إلى الله تعالى من تقربه بالطاعة، ويقال: ترك الطاعة يوجب العقوبة، وترك الحرمة يوجب الفرقة، ويقال: كل شيء من المخالفات؛ فللعفو فيه مساغ، وللعمل فيه طريق، وترك الحرمة على خطر ألاَّ يغفر ذلك، وذلك بأن يؤدي شؤمه بصاحبه أن يختل دينه وتوحيده.  وبقوله: { وَأُحِلَّتْ لَكُمُ ٱلأَنْعَامُ } [الحج: 30] يشير إلى أن استعمال البهيمة فيما مسَّت إليه الحاجة الإنسانية حلال ولا يقطع الطريق على السالك { إِلاَّ مَا يُتْلَىٰ عَلَيْكُمْ } [الحج: 30] في القرآن وهو قوله تعالى: [الأعراف: 31] وفي حديث فيه في وهو قوله صلى الله عليه وسلم: "" من حسن إسلام المرء تركه ما لا يعنيه، فاجتنبوا الرجس من الأوثان "" ؛ أي: واجتنبوا رجس كل ما اتخذه هواكم معبوده من شهوات الدنيا والآخرة والوثن الحقيقي لكل أحد نفسه { وَٱجْتَنِبُواْ قَوْلَ ٱلزُّورِ } [الحج: 30] وهو قوله باللسان مما لا يساعده قول القلب، ومن عاهد الله بقلبه في صدق الطلب ثم لا يفي ذلك فهو من جملة الزور { حُنَفَآءَ } [الحج: 31] لله ما يلين إلى الحق من الباطل في القلب، وفي النفس، وفي الجهر، وفي السر، وفي الأفعال، وفي الأحوال، وفي الأقوال مستقيمين عليه؟  { غَيْرَ مُشْرِكِينَ بِهِ } [الحج: 31] في طلب بما سوى الله { وَمَن يُشْرِكْ بِٱللَّهِ } [الحج: 31] أي: يطلب غير الله { فَكَأَنَّمَا خَرَّ مِنَ ٱلسَّمَآءِ } [الحج: 31] أي: سقط من سماء القلب { فَتَخْطَفُهُ ٱلطَّيْرُ } [الحج: 31] الشيطان والهوى ويهويان به في أسفل سافلين أبعد { أَوْ تَهْوِي بِهِ ٱلرِّيحُ } [الحج: 31] ريح القهر والخذلان { فِي مَكَانٍ سَحِيقٍ } [الحج: 31] بعيد من الحق سبحانه ذلك؛ أي: الذي ذكرت من اجتناب الرجس وقول الزور { وَمَن يُعَظِّمْ شَعَائِرَ ٱللَّهِ } [الحج: 32] وهي أعلام وشواهد مما يرد في إرشاده إلى الصراط المستقيم { فَإِنَّهَا مِن تَقْوَى ٱلْقُلُوبِ } [الحج: 32] أي: فكلها دلالات على ارتقاء القلوب بالله عمَّا سواه.  { لَكُمْ فِيهَا مَنَافِعُ } [الحج: 33] لكل من تلك الجملة بقدرة وحدة الأقوام بركات في العبور على المقامات، ولآخرين في حلاوة طاعتهم، ولآخرين في الذات يبسطهم، ولآخرين في اُنسهم بالله { إِلَىٰ أَجَلٍ مُّسَمًّى } [الحج: 33] وهو بلوغ حد كمالهم، ثم محلها إلى البيت العتيق ذلك محل كل سالك إلى حضرة القديم ومنزلة { وَلِكُلِّ أُمَّةٍ جَعَلْنَا مَنسَكاً } [الحج: 34] أي: ولكل سالك جعلنا طريقة ومقاماً وقربة على اختلاف طبقاتهم:  * فمنهم: من يطلب الله من طريق المعاملات. * ومنهم: من يطلب من باب المجاهدات.  * ومنهم: من يطلبه بطريق المعارف.  * ومنهم: من يطلبه به؛ { لِّيَذْكُرُواْ ٱسْمَ ٱللَّهِ } [الحج: 34] أي: لتتمسك كل طائفة منهم في الطلب بذكر الله تعالى { عَلَىٰ مَا رَزَقَهُمْ مِّن بَهِيمَةِ ٱلأَنْعَامِ } [الحج: 34] أي: على رزقهم من قهر النفس من العبور على المقامات، والوصول إلى الكمال { فَإِلَـٰهُكُمْ إِلَـٰهٌ وَاحِدٌ } [الحج: 34] الذي وفقكم لهذه الكرامات ونيل الدرجات، فله أسلموا لما قدر لكم في الأزل، وحكم به استسلاماً من داخل القلب لا من الفرط والإسلام يكون بمعنى الإخلاص والإخلاص من تصفية الأعمال من الآفات، ثم تصفية الأخلاق من الكدورات، ثم تصفية الأحوال من الالتفات، ثم تصفية الانفكاك من الأغيار { وَبَشِّرِ ٱلْمُخْبِتِينَ } [الحج: 34] أي: المستقيمين على هذه الطريقة بقدر الاستطاعة."
22,35,ثم وصفهم فقال: { ٱلَّذِينَ إِذَا ذُكِرَ ٱللَّهُ وَجِلَتْ قُلُوبُهُمْ } [الحج: 35] والوجل عند الذكر على حسب تجلي الحق للقلب { وَٱلصَّٰبِرِينَ عَلَىٰ مَآ أَصَابَهُمْ } [الحج: 35] أي: الجامدين تحت جريان الحكم من غير استكراه، ولا تمني خَرْجةٍ، ولا زَوْمِ فُرْجةٍ، بل يستَسلِمُون طوعاً، وأيضاً الحافظين مع الله تعالى أسرارهم لا يطلبون الشكور باطلاع الخلق على أحوالهم.  وقوله تعالى: { وَٱلْمُقِيمِي ٱلصَّلَٰوةِ } [الحج: 35] أي: المديمي النجوى مع الله؛ لقوله تعالى: [المعارج: 23] قال شاعرهم: { وَمِمَّا رَزَقْنَٰهُمْ يُنفِقُونَ } [الحج: 35] أي: ما رزقوا من الوجود بذلوا ما رزقوا بالجود، وأنفقوا على طلاب المقصود.  ثم أخبر عن نظائر الشعائر بقوله تعالى: { وَٱلْبُدْنَ جَعَلْنَاهَا لَكُمْ مِّن شَعَائِرِ ٱللَّهِ لَكُمْ فِيهَا خَيْرٌ } [الحج: 36] يشير إلى: قربان بهيمة النفس عند كعبة القلب، وأنه من أعلام دين الله، وشعار أهل الصدق في الطلب، وأن الخير في قربانها وذبحها بسكين الصدق.  وقوله تعالى: { فَٱذْكُرُواْ ٱسْمَ ٱللَّهِ عَلَيْهَا صَوَآفَّ } [الحج: 36] أي: تقربوا بذبحها إلى الله تعالى صافية خالصة لا للدنيا وتمتعاتها، ولا للآخرة ونعيمها على قراءة من قرأ صوافي قرأ أبي والحسن والمجاهد صوافي بالياء؛ أي: صافية خالصة لله تعالى، وفيه إشارة أخرى: وفي أن وفد الله وزواره لا يصلون إلى كعبة الوصال إلا بعد ذبح النفس في منى المنى { فَإِذَا وَجَبَتْ جُنُوبُهَا } [الحج: 36] أي: ماتت النفس على طبيعتها { فَكُلُواْ مِنْهَا } [الحج: 36] أي: فانتفعوا بها { وَأَطْعِمُواْ ٱلْقَانِعَ } [الحج: 36] أي: الذي يقنع بما أعطيته { وَٱلْمُعْتَرَّ } [الحج: 36] أي: الذي هو طالب صادق متعطش لا يروى مما نسقيه ويستزيد منك مما قيل: وبقوله تعالى: { كَذٰلِكَ سَخَّرْنَاهَا لَكُمْ لَعَلَّكُمْ تَشْكُرُونَ } [الحج: 36] يشير إلى أن ذبح النفس بسكين الصدق وتوفيق الله تعالى، وذلك نعمة منه موجبة للشكر له وبقوله تعالى: { لَن يَنَالَ ٱللَّهَ لُحُومُهَا وَلاَ دِمَآؤُهَا } [الحج: 37] يشير إلى أن المقصود من ذبح الذبح ليس مطلق ذبحها بكثرة المجاهدة، فإنه لا يقبل مطلق الذبح { وَلَـٰكِن يَنَالُهُ ٱلتَّقْوَىٰ مِنكُمْ } [الحج: 37] أي: يقبل خلوص نيتكم في ذبحها تقرباً إليه { كَذٰلِكَ سَخَّرَهَا لَكُمْ } [الحج: 37] أي كذلك سخرها لذبحكم إياها { لِتُكَبِّرُواْ ٱللَّهَ عَلَىٰ مَا هَدَاكُمْ } [الحج: 37] أي: لتعظموا الله في الطلب على غيره من النفس وهواها والدنيا وشهواتها؛ إذ ذلكم على ذبح النفس.  ثم قال تعالى: { وَبَشِّرِ ٱلْمُحْسِنِينَ } [الحج: 37] أي: الذين يعبدون الله كأنهم يرونه واختاروا طلب الله ورضاه على النفس والدنيا وما سواه { إِنَّ ٱللَّهَ يُدَافِعُ عَنِ ٱلَّذِينَ آمَنُوۤاْ } [الحج: 38] أي: يدافع خباثة النفس وهواها، وبقوله تعالى: { إِنَّ ٱللَّهَ لاَ يُحِبُّ كُلَّ خَوَّانٍ كَفُورٍ } [الحج: 38] يشير إلى أن مدافعة خباثة النفس عن أهل الإيمان إنما كان لإزالة الخباثة وكفران النعمة؛ لأنه لا يحب المتصفين بها، وأنها تحب المؤمنين المخلصين عنها.
22,36,ثم وصفهم فقال: { ٱلَّذِينَ إِذَا ذُكِرَ ٱللَّهُ وَجِلَتْ قُلُوبُهُمْ } [الحج: 35] والوجل عند الذكر على حسب تجلي الحق للقلب { وَٱلصَّٰبِرِينَ عَلَىٰ مَآ أَصَابَهُمْ } [الحج: 35] أي: الجامدين تحت جريان الحكم من غير استكراه، ولا تمني خَرْجةٍ، ولا زَوْمِ فُرْجةٍ، بل يستَسلِمُون طوعاً، وأيضاً الحافظين مع الله تعالى أسرارهم لا يطلبون الشكور باطلاع الخلق على أحوالهم.  وقوله تعالى: { وَٱلْمُقِيمِي ٱلصَّلَٰوةِ } [الحج: 35] أي: المديمي النجوى مع الله؛ لقوله تعالى: [المعارج: 23] قال شاعرهم: { وَمِمَّا رَزَقْنَٰهُمْ يُنفِقُونَ } [الحج: 35] أي: ما رزقوا من الوجود بذلوا ما رزقوا بالجود، وأنفقوا على طلاب المقصود.  ثم أخبر عن نظائر الشعائر بقوله تعالى: { وَٱلْبُدْنَ جَعَلْنَاهَا لَكُمْ مِّن شَعَائِرِ ٱللَّهِ لَكُمْ فِيهَا خَيْرٌ } [الحج: 36] يشير إلى: قربان بهيمة النفس عند كعبة القلب، وأنه من أعلام دين الله، وشعار أهل الصدق في الطلب، وأن الخير في قربانها وذبحها بسكين الصدق.  وقوله تعالى: { فَٱذْكُرُواْ ٱسْمَ ٱللَّهِ عَلَيْهَا صَوَآفَّ } [الحج: 36] أي: تقربوا بذبحها إلى الله تعالى صافية خالصة لا للدنيا وتمتعاتها، ولا للآخرة ونعيمها على قراءة من قرأ صوافي قرأ أبي والحسن والمجاهد صوافي بالياء؛ أي: صافية خالصة لله تعالى، وفيه إشارة أخرى: وفي أن وفد الله وزواره لا يصلون إلى كعبة الوصال إلا بعد ذبح النفس في منى المنى { فَإِذَا وَجَبَتْ جُنُوبُهَا } [الحج: 36] أي: ماتت النفس على طبيعتها { فَكُلُواْ مِنْهَا } [الحج: 36] أي: فانتفعوا بها { وَأَطْعِمُواْ ٱلْقَانِعَ } [الحج: 36] أي: الذي يقنع بما أعطيته { وَٱلْمُعْتَرَّ } [الحج: 36] أي: الذي هو طالب صادق متعطش لا يروى مما نسقيه ويستزيد منك مما قيل: وبقوله تعالى: { كَذٰلِكَ سَخَّرْنَاهَا لَكُمْ لَعَلَّكُمْ تَشْكُرُونَ } [الحج: 36] يشير إلى أن ذبح النفس بسكين الصدق وتوفيق الله تعالى، وذلك نعمة منه موجبة للشكر له وبقوله تعالى: { لَن يَنَالَ ٱللَّهَ لُحُومُهَا وَلاَ دِمَآؤُهَا } [الحج: 37] يشير إلى أن المقصود من ذبح الذبح ليس مطلق ذبحها بكثرة المجاهدة، فإنه لا يقبل مطلق الذبح { وَلَـٰكِن يَنَالُهُ ٱلتَّقْوَىٰ مِنكُمْ } [الحج: 37] أي: يقبل خلوص نيتكم في ذبحها تقرباً إليه { كَذٰلِكَ سَخَّرَهَا لَكُمْ } [الحج: 37] أي كذلك سخرها لذبحكم إياها { لِتُكَبِّرُواْ ٱللَّهَ عَلَىٰ مَا هَدَاكُمْ } [الحج: 37] أي: لتعظموا الله في الطلب على غيره من النفس وهواها والدنيا وشهواتها؛ إذ ذلكم على ذبح النفس.  ثم قال تعالى: { وَبَشِّرِ ٱلْمُحْسِنِينَ } [الحج: 37] أي: الذين يعبدون الله كأنهم يرونه واختاروا طلب الله ورضاه على النفس والدنيا وما سواه { إِنَّ ٱللَّهَ يُدَافِعُ عَنِ ٱلَّذِينَ آمَنُوۤاْ } [الحج: 38] أي: يدافع خباثة النفس وهواها، وبقوله تعالى: { إِنَّ ٱللَّهَ لاَ يُحِبُّ كُلَّ خَوَّانٍ كَفُورٍ } [الحج: 38] يشير إلى أن مدافعة خباثة النفس عن أهل الإيمان إنما كان لإزالة الخباثة وكفران النعمة؛ لأنه لا يحب المتصفين بها، وأنها تحب المؤمنين المخلصين عنها.
22,37,ثم وصفهم فقال: { ٱلَّذِينَ إِذَا ذُكِرَ ٱللَّهُ وَجِلَتْ قُلُوبُهُمْ } [الحج: 35] والوجل عند الذكر على حسب تجلي الحق للقلب { وَٱلصَّٰبِرِينَ عَلَىٰ مَآ أَصَابَهُمْ } [الحج: 35] أي: الجامدين تحت جريان الحكم من غير استكراه، ولا تمني خَرْجةٍ، ولا زَوْمِ فُرْجةٍ، بل يستَسلِمُون طوعاً، وأيضاً الحافظين مع الله تعالى أسرارهم لا يطلبون الشكور باطلاع الخلق على أحوالهم.  وقوله تعالى: { وَٱلْمُقِيمِي ٱلصَّلَٰوةِ } [الحج: 35] أي: المديمي النجوى مع الله؛ لقوله تعالى: [المعارج: 23] قال شاعرهم: { وَمِمَّا رَزَقْنَٰهُمْ يُنفِقُونَ } [الحج: 35] أي: ما رزقوا من الوجود بذلوا ما رزقوا بالجود، وأنفقوا على طلاب المقصود.  ثم أخبر عن نظائر الشعائر بقوله تعالى: { وَٱلْبُدْنَ جَعَلْنَاهَا لَكُمْ مِّن شَعَائِرِ ٱللَّهِ لَكُمْ فِيهَا خَيْرٌ } [الحج: 36] يشير إلى: قربان بهيمة النفس عند كعبة القلب، وأنه من أعلام دين الله، وشعار أهل الصدق في الطلب، وأن الخير في قربانها وذبحها بسكين الصدق.  وقوله تعالى: { فَٱذْكُرُواْ ٱسْمَ ٱللَّهِ عَلَيْهَا صَوَآفَّ } [الحج: 36] أي: تقربوا بذبحها إلى الله تعالى صافية خالصة لا للدنيا وتمتعاتها، ولا للآخرة ونعيمها على قراءة من قرأ صوافي قرأ أبي والحسن والمجاهد صوافي بالياء؛ أي: صافية خالصة لله تعالى، وفيه إشارة أخرى: وفي أن وفد الله وزواره لا يصلون إلى كعبة الوصال إلا بعد ذبح النفس في منى المنى { فَإِذَا وَجَبَتْ جُنُوبُهَا } [الحج: 36] أي: ماتت النفس على طبيعتها { فَكُلُواْ مِنْهَا } [الحج: 36] أي: فانتفعوا بها { وَأَطْعِمُواْ ٱلْقَانِعَ } [الحج: 36] أي: الذي يقنع بما أعطيته { وَٱلْمُعْتَرَّ } [الحج: 36] أي: الذي هو طالب صادق متعطش لا يروى مما نسقيه ويستزيد منك مما قيل: وبقوله تعالى: { كَذٰلِكَ سَخَّرْنَاهَا لَكُمْ لَعَلَّكُمْ تَشْكُرُونَ } [الحج: 36] يشير إلى أن ذبح النفس بسكين الصدق وتوفيق الله تعالى، وذلك نعمة منه موجبة للشكر له وبقوله تعالى: { لَن يَنَالَ ٱللَّهَ لُحُومُهَا وَلاَ دِمَآؤُهَا } [الحج: 37] يشير إلى أن المقصود من ذبح الذبح ليس مطلق ذبحها بكثرة المجاهدة، فإنه لا يقبل مطلق الذبح { وَلَـٰكِن يَنَالُهُ ٱلتَّقْوَىٰ مِنكُمْ } [الحج: 37] أي: يقبل خلوص نيتكم في ذبحها تقرباً إليه { كَذٰلِكَ سَخَّرَهَا لَكُمْ } [الحج: 37] أي كذلك سخرها لذبحكم إياها { لِتُكَبِّرُواْ ٱللَّهَ عَلَىٰ مَا هَدَاكُمْ } [الحج: 37] أي: لتعظموا الله في الطلب على غيره من النفس وهواها والدنيا وشهواتها؛ إذ ذلكم على ذبح النفس.  ثم قال تعالى: { وَبَشِّرِ ٱلْمُحْسِنِينَ } [الحج: 37] أي: الذين يعبدون الله كأنهم يرونه واختاروا طلب الله ورضاه على النفس والدنيا وما سواه { إِنَّ ٱللَّهَ يُدَافِعُ عَنِ ٱلَّذِينَ آمَنُوۤاْ } [الحج: 38] أي: يدافع خباثة النفس وهواها، وبقوله تعالى: { إِنَّ ٱللَّهَ لاَ يُحِبُّ كُلَّ خَوَّانٍ كَفُورٍ } [الحج: 38] يشير إلى أن مدافعة خباثة النفس عن أهل الإيمان إنما كان لإزالة الخباثة وكفران النعمة؛ لأنه لا يحب المتصفين بها، وأنها تحب المؤمنين المخلصين عنها.
22,38,ثم وصفهم فقال: { ٱلَّذِينَ إِذَا ذُكِرَ ٱللَّهُ وَجِلَتْ قُلُوبُهُمْ } [الحج: 35] والوجل عند الذكر على حسب تجلي الحق للقلب { وَٱلصَّٰبِرِينَ عَلَىٰ مَآ أَصَابَهُمْ } [الحج: 35] أي: الجامدين تحت جريان الحكم من غير استكراه، ولا تمني خَرْجةٍ، ولا زَوْمِ فُرْجةٍ، بل يستَسلِمُون طوعاً، وأيضاً الحافظين مع الله تعالى أسرارهم لا يطلبون الشكور باطلاع الخلق على أحوالهم.  وقوله تعالى: { وَٱلْمُقِيمِي ٱلصَّلَٰوةِ } [الحج: 35] أي: المديمي النجوى مع الله؛ لقوله تعالى: [المعارج: 23] قال شاعرهم: { وَمِمَّا رَزَقْنَٰهُمْ يُنفِقُونَ } [الحج: 35] أي: ما رزقوا من الوجود بذلوا ما رزقوا بالجود، وأنفقوا على طلاب المقصود.  ثم أخبر عن نظائر الشعائر بقوله تعالى: { وَٱلْبُدْنَ جَعَلْنَاهَا لَكُمْ مِّن شَعَائِرِ ٱللَّهِ لَكُمْ فِيهَا خَيْرٌ } [الحج: 36] يشير إلى: قربان بهيمة النفس عند كعبة القلب، وأنه من أعلام دين الله، وشعار أهل الصدق في الطلب، وأن الخير في قربانها وذبحها بسكين الصدق.  وقوله تعالى: { فَٱذْكُرُواْ ٱسْمَ ٱللَّهِ عَلَيْهَا صَوَآفَّ } [الحج: 36] أي: تقربوا بذبحها إلى الله تعالى صافية خالصة لا للدنيا وتمتعاتها، ولا للآخرة ونعيمها على قراءة من قرأ صوافي قرأ أبي والحسن والمجاهد صوافي بالياء؛ أي: صافية خالصة لله تعالى، وفيه إشارة أخرى: وفي أن وفد الله وزواره لا يصلون إلى كعبة الوصال إلا بعد ذبح النفس في منى المنى { فَإِذَا وَجَبَتْ جُنُوبُهَا } [الحج: 36] أي: ماتت النفس على طبيعتها { فَكُلُواْ مِنْهَا } [الحج: 36] أي: فانتفعوا بها { وَأَطْعِمُواْ ٱلْقَانِعَ } [الحج: 36] أي: الذي يقنع بما أعطيته { وَٱلْمُعْتَرَّ } [الحج: 36] أي: الذي هو طالب صادق متعطش لا يروى مما نسقيه ويستزيد منك مما قيل: وبقوله تعالى: { كَذٰلِكَ سَخَّرْنَاهَا لَكُمْ لَعَلَّكُمْ تَشْكُرُونَ } [الحج: 36] يشير إلى أن ذبح النفس بسكين الصدق وتوفيق الله تعالى، وذلك نعمة منه موجبة للشكر له وبقوله تعالى: { لَن يَنَالَ ٱللَّهَ لُحُومُهَا وَلاَ دِمَآؤُهَا } [الحج: 37] يشير إلى أن المقصود من ذبح الذبح ليس مطلق ذبحها بكثرة المجاهدة، فإنه لا يقبل مطلق الذبح { وَلَـٰكِن يَنَالُهُ ٱلتَّقْوَىٰ مِنكُمْ } [الحج: 37] أي: يقبل خلوص نيتكم في ذبحها تقرباً إليه { كَذٰلِكَ سَخَّرَهَا لَكُمْ } [الحج: 37] أي كذلك سخرها لذبحكم إياها { لِتُكَبِّرُواْ ٱللَّهَ عَلَىٰ مَا هَدَاكُمْ } [الحج: 37] أي: لتعظموا الله في الطلب على غيره من النفس وهواها والدنيا وشهواتها؛ إذ ذلكم على ذبح النفس.  ثم قال تعالى: { وَبَشِّرِ ٱلْمُحْسِنِينَ } [الحج: 37] أي: الذين يعبدون الله كأنهم يرونه واختاروا طلب الله ورضاه على النفس والدنيا وما سواه { إِنَّ ٱللَّهَ يُدَافِعُ عَنِ ٱلَّذِينَ آمَنُوۤاْ } [الحج: 38] أي: يدافع خباثة النفس وهواها، وبقوله تعالى: { إِنَّ ٱللَّهَ لاَ يُحِبُّ كُلَّ خَوَّانٍ كَفُورٍ } [الحج: 38] يشير إلى أن مدافعة خباثة النفس عن أهل الإيمان إنما كان لإزالة الخباثة وكفران النعمة؛ لأنه لا يحب المتصفين بها، وأنها تحب المؤمنين المخلصين عنها.
22,39,ثم أخبر عن نيل الوصال بالقتال تعالى: { أُذِنَ لِلَّذِينَ يُقَاتَلُونَ بِأَنَّهُمْ ظُلِمُواْ } [الحج: 39] إشارة إلى أن قتال الكفار بغير إذن الله لا يجوز، ولهذا لمَّا ذكر موسى عليه السلام القبطي الكافر، وقتله قال: هذا من عمل الشيطان؛ لأنه ما كان مأذوناً من الله تعالى في ذلك، وبهذا المعنى يشير إلى أن الصلاح في قتل كافر النفس وجهادها أن يكون بإذن الله تعالى على وفق الشرع، وأوانه وهو بعد البلوغ، فإن قبل البلوغ يحمل المجاهدة باستكمال الشخص الإنساني الذي هو حامل أعباء الشريعة، ولهذا لم يكن مكلفاً قبل البلوغ، وينبغي أن يكون المجاهدة محفوظة عن طرفي التفريط والإفراط، بل يكون على حسب ظلم النفس على القلب باستيلائها عليه فيما يضره من اشتغالها بمخالفة الشريعة وموافقة الطبيعة في استيفاء حظوظها وشهواتها من ملاذ الدنيا، فإن منها يتولد دين مرآة القلب وقسوته واسوداده، وإن ارتضت النفس، وتزكَّت عن زعيم صفاتها، وانقادت للشريعة، وتركت طبيعتها، واطمأنت إلى ذكر الله واستعدت لقبول جذبة: [الفجر: 28] نصان من فرج المجاهدة، ولكن لا يؤمن من مكر الله المودع في مكر النفس بقوله تعالى: { وَإِنَّ ٱللَّهَ عَلَىٰ نَصْرِهِمْ لَقَدِيرٌ } [الحج: 39] يشير إلى أن الإنسان لا يقدر على قهر النفس وتزكيتها بالجهاد المعدل إلا بنصر الله.  ثم أخبر عن معنى الظلم ووصف المظلوم الذي مأذون بالجهاد فقال: { ٱلَّذِينَ أُخْرِجُواْ مِن دِيَارِهِم بِغَيْرِ حَقٍّ } [الحج: 40] يشير به إلى القلوب التي أخرجها النفوس بالاستيلاء عن مقاماتها بتبديل أخلاقها، وهي اطمئنانها بذكر الله تعالى، فباستتباعها جعلها متصفة بصفاتها، وهي ما أخبر عنها بقوله تعالى: [يونس: 7] فللقلوب المظلومة أن يجاهدوا النفس الظالمة المتمردة { إِلاَّ أَن يَقُولُواْ رَبُّنَا ٱللَّهُ } [الحج: 40] أي: ترجع النفوس عن الظلم الذي من شيم النفوس، واستسلمت لأحكام الله تعالى.  وبقوله تعالى: { وَلَوْلاَ دَفْعُ ٱللَّهِ ٱلنَّاسَ بَعْضَهُمْ بِبَعْضٍ } [الحج: 40] يشير به تعالى: لو لم ينصر القلوب على النفوس، ويدافع عن القلوب باستيلاء النفوس { لَّهُدِّمَتْ صَوَامِعُ } [الحج: 40] أركان الشريعة { وَبِيَعٌ } [الحج: 40] آداب الطريقة، وصلوات مقامات الحقيقة، ومساجد القلوب المنورة بنور الله { وَلَيَنصُرَنَّ ٱللَّهُ } [الحج: 40] القلوب على النفوس، فإنها من ينصره بقبول الفيض منه، واتفاقه على ما عداه من الأعضاء الرئيسية والحسيسة { إِنَّ ٱللَّهَ لَقَوِيٌّ } [الحج: 40] في النصرة والانتصار { عَزِيزٌ } [الحج: 40] في الانتصار منه.  ثم وصفت القلوب المنصورة بقوله تعالى: { ٱلَّذِينَ إِنْ مَّكَّنَّاهُمْ فِي ٱلأَرْضِ } [الحج: 41] أرض البشرية { أَقَامُواْ ٱلصَّلاَةَ } [الحج: 41] استداموا المواصلات { وَآتَوُاْ ٱلزَّكَـاةَ } [الحج: 41] زكاة الأحوال وهي: أن يكون من يأتي النفس من أنفاسهم مائة وتسعة وتسعون ونصف جزاؤهم، والباقي إيثار على خلق الله في الله مهما كان زكاة الأغنياء من مائتي درهم خمسة للفقراء والباقي لهم { وَأَمَرُواْ بِٱلْمَعْرُوفِ } [الحج: 41] حفظ الحواس عن مخالفة أحوال أمره، ومراعاة الأنفاس معه إجلالاً لقدره { وَنَهَوْاْ عَنِ ٱلْمُنْكَرِ } [الحج: 41] ومن وجوه المنكرات الرياء والإعجاب والمساكنة والملاحظة { وَلِلَّهِ عَاقِبَةُ ٱلأُمُورِ } [الحج: 41] أمور المعاملات كلها منهم راجعة إلى الله تعالى في طلبه والوصول به.
22,40,ثم أخبر عن نيل الوصال بالقتال تعالى: { أُذِنَ لِلَّذِينَ يُقَاتَلُونَ بِأَنَّهُمْ ظُلِمُواْ } [الحج: 39] إشارة إلى أن قتال الكفار بغير إذن الله لا يجوز، ولهذا لمَّا ذكر موسى عليه السلام القبطي الكافر، وقتله قال: هذا من عمل الشيطان؛ لأنه ما كان مأذوناً من الله تعالى في ذلك، وبهذا المعنى يشير إلى أن الصلاح في قتل كافر النفس وجهادها أن يكون بإذن الله تعالى على وفق الشرع، وأوانه وهو بعد البلوغ، فإن قبل البلوغ يحمل المجاهدة باستكمال الشخص الإنساني الذي هو حامل أعباء الشريعة، ولهذا لم يكن مكلفاً قبل البلوغ، وينبغي أن يكون المجاهدة محفوظة عن طرفي التفريط والإفراط، بل يكون على حسب ظلم النفس على القلب باستيلائها عليه فيما يضره من اشتغالها بمخالفة الشريعة وموافقة الطبيعة في استيفاء حظوظها وشهواتها من ملاذ الدنيا، فإن منها يتولد دين مرآة القلب وقسوته واسوداده، وإن ارتضت النفس، وتزكَّت عن زعيم صفاتها، وانقادت للشريعة، وتركت طبيعتها، واطمأنت إلى ذكر الله واستعدت لقبول جذبة: [الفجر: 28] نصان من فرج المجاهدة، ولكن لا يؤمن من مكر الله المودع في مكر النفس بقوله تعالى: { وَإِنَّ ٱللَّهَ عَلَىٰ نَصْرِهِمْ لَقَدِيرٌ } [الحج: 39] يشير إلى أن الإنسان لا يقدر على قهر النفس وتزكيتها بالجهاد المعدل إلا بنصر الله.  ثم أخبر عن معنى الظلم ووصف المظلوم الذي مأذون بالجهاد فقال: { ٱلَّذِينَ أُخْرِجُواْ مِن دِيَارِهِم بِغَيْرِ حَقٍّ } [الحج: 40] يشير به إلى القلوب التي أخرجها النفوس بالاستيلاء عن مقاماتها بتبديل أخلاقها، وهي اطمئنانها بذكر الله تعالى، فباستتباعها جعلها متصفة بصفاتها، وهي ما أخبر عنها بقوله تعالى: [يونس: 7] فللقلوب المظلومة أن يجاهدوا النفس الظالمة المتمردة { إِلاَّ أَن يَقُولُواْ رَبُّنَا ٱللَّهُ } [الحج: 40] أي: ترجع النفوس عن الظلم الذي من شيم النفوس، واستسلمت لأحكام الله تعالى.  وبقوله تعالى: { وَلَوْلاَ دَفْعُ ٱللَّهِ ٱلنَّاسَ بَعْضَهُمْ بِبَعْضٍ } [الحج: 40] يشير به تعالى: لو لم ينصر القلوب على النفوس، ويدافع عن القلوب باستيلاء النفوس { لَّهُدِّمَتْ صَوَامِعُ } [الحج: 40] أركان الشريعة { وَبِيَعٌ } [الحج: 40] آداب الطريقة، وصلوات مقامات الحقيقة، ومساجد القلوب المنورة بنور الله { وَلَيَنصُرَنَّ ٱللَّهُ } [الحج: 40] القلوب على النفوس، فإنها من ينصره بقبول الفيض منه، واتفاقه على ما عداه من الأعضاء الرئيسية والحسيسة { إِنَّ ٱللَّهَ لَقَوِيٌّ } [الحج: 40] في النصرة والانتصار { عَزِيزٌ } [الحج: 40] في الانتصار منه.  ثم وصفت القلوب المنصورة بقوله تعالى: { ٱلَّذِينَ إِنْ مَّكَّنَّاهُمْ فِي ٱلأَرْضِ } [الحج: 41] أرض البشرية { أَقَامُواْ ٱلصَّلاَةَ } [الحج: 41] استداموا المواصلات { وَآتَوُاْ ٱلزَّكَـاةَ } [الحج: 41] زكاة الأحوال وهي: أن يكون من يأتي النفس من أنفاسهم مائة وتسعة وتسعون ونصف جزاؤهم، والباقي إيثار على خلق الله في الله مهما كان زكاة الأغنياء من مائتي درهم خمسة للفقراء والباقي لهم { وَأَمَرُواْ بِٱلْمَعْرُوفِ } [الحج: 41] حفظ الحواس عن مخالفة أحوال أمره، ومراعاة الأنفاس معه إجلالاً لقدره { وَنَهَوْاْ عَنِ ٱلْمُنْكَرِ } [الحج: 41] ومن وجوه المنكرات الرياء والإعجاب والمساكنة والملاحظة { وَلِلَّهِ عَاقِبَةُ ٱلأُمُورِ } [الحج: 41] أمور المعاملات كلها منهم راجعة إلى الله تعالى في طلبه والوصول به.
22,41,ثم أخبر عن نيل الوصال بالقتال تعالى: { أُذِنَ لِلَّذِينَ يُقَاتَلُونَ بِأَنَّهُمْ ظُلِمُواْ } [الحج: 39] إشارة إلى أن قتال الكفار بغير إذن الله لا يجوز، ولهذا لمَّا ذكر موسى عليه السلام القبطي الكافر، وقتله قال: هذا من عمل الشيطان؛ لأنه ما كان مأذوناً من الله تعالى في ذلك، وبهذا المعنى يشير إلى أن الصلاح في قتل كافر النفس وجهادها أن يكون بإذن الله تعالى على وفق الشرع، وأوانه وهو بعد البلوغ، فإن قبل البلوغ يحمل المجاهدة باستكمال الشخص الإنساني الذي هو حامل أعباء الشريعة، ولهذا لم يكن مكلفاً قبل البلوغ، وينبغي أن يكون المجاهدة محفوظة عن طرفي التفريط والإفراط، بل يكون على حسب ظلم النفس على القلب باستيلائها عليه فيما يضره من اشتغالها بمخالفة الشريعة وموافقة الطبيعة في استيفاء حظوظها وشهواتها من ملاذ الدنيا، فإن منها يتولد دين مرآة القلب وقسوته واسوداده، وإن ارتضت النفس، وتزكَّت عن زعيم صفاتها، وانقادت للشريعة، وتركت طبيعتها، واطمأنت إلى ذكر الله واستعدت لقبول جذبة: [الفجر: 28] نصان من فرج المجاهدة، ولكن لا يؤمن من مكر الله المودع في مكر النفس بقوله تعالى: { وَإِنَّ ٱللَّهَ عَلَىٰ نَصْرِهِمْ لَقَدِيرٌ } [الحج: 39] يشير إلى أن الإنسان لا يقدر على قهر النفس وتزكيتها بالجهاد المعدل إلا بنصر الله.  ثم أخبر عن معنى الظلم ووصف المظلوم الذي مأذون بالجهاد فقال: { ٱلَّذِينَ أُخْرِجُواْ مِن دِيَارِهِم بِغَيْرِ حَقٍّ } [الحج: 40] يشير به إلى القلوب التي أخرجها النفوس بالاستيلاء عن مقاماتها بتبديل أخلاقها، وهي اطمئنانها بذكر الله تعالى، فباستتباعها جعلها متصفة بصفاتها، وهي ما أخبر عنها بقوله تعالى: [يونس: 7] فللقلوب المظلومة أن يجاهدوا النفس الظالمة المتمردة { إِلاَّ أَن يَقُولُواْ رَبُّنَا ٱللَّهُ } [الحج: 40] أي: ترجع النفوس عن الظلم الذي من شيم النفوس، واستسلمت لأحكام الله تعالى.  وبقوله تعالى: { وَلَوْلاَ دَفْعُ ٱللَّهِ ٱلنَّاسَ بَعْضَهُمْ بِبَعْضٍ } [الحج: 40] يشير به تعالى: لو لم ينصر القلوب على النفوس، ويدافع عن القلوب باستيلاء النفوس { لَّهُدِّمَتْ صَوَامِعُ } [الحج: 40] أركان الشريعة { وَبِيَعٌ } [الحج: 40] آداب الطريقة، وصلوات مقامات الحقيقة، ومساجد القلوب المنورة بنور الله { وَلَيَنصُرَنَّ ٱللَّهُ } [الحج: 40] القلوب على النفوس، فإنها من ينصره بقبول الفيض منه، واتفاقه على ما عداه من الأعضاء الرئيسية والحسيسة { إِنَّ ٱللَّهَ لَقَوِيٌّ } [الحج: 40] في النصرة والانتصار { عَزِيزٌ } [الحج: 40] في الانتصار منه.  ثم وصفت القلوب المنصورة بقوله تعالى: { ٱلَّذِينَ إِنْ مَّكَّنَّاهُمْ فِي ٱلأَرْضِ } [الحج: 41] أرض البشرية { أَقَامُواْ ٱلصَّلاَةَ } [الحج: 41] استداموا المواصلات { وَآتَوُاْ ٱلزَّكَـاةَ } [الحج: 41] زكاة الأحوال وهي: أن يكون من يأتي النفس من أنفاسهم مائة وتسعة وتسعون ونصف جزاؤهم، والباقي إيثار على خلق الله في الله مهما كان زكاة الأغنياء من مائتي درهم خمسة للفقراء والباقي لهم { وَأَمَرُواْ بِٱلْمَعْرُوفِ } [الحج: 41] حفظ الحواس عن مخالفة أحوال أمره، ومراعاة الأنفاس معه إجلالاً لقدره { وَنَهَوْاْ عَنِ ٱلْمُنْكَرِ } [الحج: 41] ومن وجوه المنكرات الرياء والإعجاب والمساكنة والملاحظة { وَلِلَّهِ عَاقِبَةُ ٱلأُمُورِ } [الحج: 41] أمور المعاملات كلها منهم راجعة إلى الله تعالى في طلبه والوصول به.
22,42,"ثم أخبر عن تسلية النبي صلى الله عليه وسلم وتربيته بقوله تعالى: { وَإِن يُكَذِّبُوكَ فَقَدْ كَذَّبَتْ قَبْلَهُمْ قَوْمُ نُوحٍ وَعَادٌ } [الحج: 42] يشير إلى: أمر حتَّم الصبر من النبي صلى الله عليه وسلم على مقاساة ما يلقاه من قومه من فنون البلاء وصنوف الأسواء.  وبقوله تعالى: { فَكَأَيِّن مِّن قَرْيَةٍ أَهْلَكْنَاهَا وَهِيَ ظَالِمَةٌ } [الحج: 45] يشير إلى: خراب قلوب أهل الظلم، فإن الظلم يوجب خراب أوطان الظالم، فيخرب أولاً أوطان راحة الظالم وهو قلبه، فالوحشة هي غالبة على الظلمة من ضيق صدورهم، وسوء أخلاقهم، وفرط غيظهم على من يظلمون عليهم، كل ذلك من خراب أوطان راحاتهم وهي في الحقيقة من جملة العقوبات التي تلحقهم على ظلمهم، ويقال: خراب منازل الظلمة ربما يستأخر وربما يتعجل، وخراب نفوسهم في تعطلها عن العبادات بشؤم ظلمها كما قال تعالى: { فَهِيَ خَاوِيَةٌ عَلَىٰ عُرُوشِهَا } [الحج: 45] وخراب قلوبهم باستيلاء الغفلة عليهم خصوصاً في أوقات صلواتهم وأوان خلواتهم فهو غير مستأخر.  وبقوله تعالى: { وَبِئْرٍ مُّعَطَّلَةٍ } [الحج: 45] يشير إلى: العيون المتفجرة التي كانت في بواطنهم وكانوا يستقون لإحياء أوقاتهم من غلبات الإرادة وتوجيه المواجيد، فإذا انفقوا بظلمهم غلب غشاؤها بقطع وانقطع ماؤها؛ لانسداد عيونها، ويشير بقوله تعالى: { وَقَصْرٍ مَّشِيدٍ } [الحج: 45] إلى: تعطيل أسرارهم عن مساكنها من الهيبة والإنس، وخلوا أرواحهم عن نوازل المحابة وسلطان الاشتياق وصنوف المواجيد.  وبقوله تعالى: { أَفَلَمْ يَسِيرُواْ فِي ٱلأَرْضِ } [الحج: 46] يشير إلى: السير في أرض البشرية، والعبور عنها، والوصول إلى مقامات القلب { فَتَكُونَ لَهُمْ قُلُوبٌ يَعْقِلُونَ بِهَآ } [الحج: 46] فيه إشارة إلى أن العقل الحقيقي إنما يكون من نتائج القلب بعد تصفية حواسه عن العمى والصمم، كما قال الله تعالى: { أَوْ آذَانٌ يَسْمَعُونَ بِهَا فَإِنَّهَا لاَ تَعْمَى ٱلأَبْصَارُ وَلَـٰكِن تَعْمَىٰ ٱلْقُلُوبُ ٱلَّتِي فِي ٱلصُّدُورِ } [الحج: 46] فإن صح وصف القلوب بالسمع والبصر صح وصفه بسائر صفات الحق من وجوه الإدراكات، فكما تبصر القلوب بنور اليقين تدرك نسيم الإقبال بمشام السر، وفي الخبر: "" إني لأجد نفس الرحمن من قبل اليمن "" ، وقال الله تعالى مخبراً عن يعقوب عليه السلام أنه قال: [يوسف: 94] وما كان ذلك إلا لإدراك السرائر دون اشتمام الريح في الظاهر."
22,43,"ثم أخبر عن تسلية النبي صلى الله عليه وسلم وتربيته بقوله تعالى: { وَإِن يُكَذِّبُوكَ فَقَدْ كَذَّبَتْ قَبْلَهُمْ قَوْمُ نُوحٍ وَعَادٌ } [الحج: 42] يشير إلى: أمر حتَّم الصبر من النبي صلى الله عليه وسلم على مقاساة ما يلقاه من قومه من فنون البلاء وصنوف الأسواء.  وبقوله تعالى: { فَكَأَيِّن مِّن قَرْيَةٍ أَهْلَكْنَاهَا وَهِيَ ظَالِمَةٌ } [الحج: 45] يشير إلى: خراب قلوب أهل الظلم، فإن الظلم يوجب خراب أوطان الظالم، فيخرب أولاً أوطان راحة الظالم وهو قلبه، فالوحشة هي غالبة على الظلمة من ضيق صدورهم، وسوء أخلاقهم، وفرط غيظهم على من يظلمون عليهم، كل ذلك من خراب أوطان راحاتهم وهي في الحقيقة من جملة العقوبات التي تلحقهم على ظلمهم، ويقال: خراب منازل الظلمة ربما يستأخر وربما يتعجل، وخراب نفوسهم في تعطلها عن العبادات بشؤم ظلمها كما قال تعالى: { فَهِيَ خَاوِيَةٌ عَلَىٰ عُرُوشِهَا } [الحج: 45] وخراب قلوبهم باستيلاء الغفلة عليهم خصوصاً في أوقات صلواتهم وأوان خلواتهم فهو غير مستأخر.  وبقوله تعالى: { وَبِئْرٍ مُّعَطَّلَةٍ } [الحج: 45] يشير إلى: العيون المتفجرة التي كانت في بواطنهم وكانوا يستقون لإحياء أوقاتهم من غلبات الإرادة وتوجيه المواجيد، فإذا انفقوا بظلمهم غلب غشاؤها بقطع وانقطع ماؤها؛ لانسداد عيونها، ويشير بقوله تعالى: { وَقَصْرٍ مَّشِيدٍ } [الحج: 45] إلى: تعطيل أسرارهم عن مساكنها من الهيبة والإنس، وخلوا أرواحهم عن نوازل المحابة وسلطان الاشتياق وصنوف المواجيد.  وبقوله تعالى: { أَفَلَمْ يَسِيرُواْ فِي ٱلأَرْضِ } [الحج: 46] يشير إلى: السير في أرض البشرية، والعبور عنها، والوصول إلى مقامات القلب { فَتَكُونَ لَهُمْ قُلُوبٌ يَعْقِلُونَ بِهَآ } [الحج: 46] فيه إشارة إلى أن العقل الحقيقي إنما يكون من نتائج القلب بعد تصفية حواسه عن العمى والصمم، كما قال الله تعالى: { أَوْ آذَانٌ يَسْمَعُونَ بِهَا فَإِنَّهَا لاَ تَعْمَى ٱلأَبْصَارُ وَلَـٰكِن تَعْمَىٰ ٱلْقُلُوبُ ٱلَّتِي فِي ٱلصُّدُورِ } [الحج: 46] فإن صح وصف القلوب بالسمع والبصر صح وصفه بسائر صفات الحق من وجوه الإدراكات، فكما تبصر القلوب بنور اليقين تدرك نسيم الإقبال بمشام السر، وفي الخبر: "" إني لأجد نفس الرحمن من قبل اليمن "" ، وقال الله تعالى مخبراً عن يعقوب عليه السلام أنه قال: [يوسف: 94] وما كان ذلك إلا لإدراك السرائر دون اشتمام الريح في الظاهر."
22,44,"ثم أخبر عن تسلية النبي صلى الله عليه وسلم وتربيته بقوله تعالى: { وَإِن يُكَذِّبُوكَ فَقَدْ كَذَّبَتْ قَبْلَهُمْ قَوْمُ نُوحٍ وَعَادٌ } [الحج: 42] يشير إلى: أمر حتَّم الصبر من النبي صلى الله عليه وسلم على مقاساة ما يلقاه من قومه من فنون البلاء وصنوف الأسواء.  وبقوله تعالى: { فَكَأَيِّن مِّن قَرْيَةٍ أَهْلَكْنَاهَا وَهِيَ ظَالِمَةٌ } [الحج: 45] يشير إلى: خراب قلوب أهل الظلم، فإن الظلم يوجب خراب أوطان الظالم، فيخرب أولاً أوطان راحة الظالم وهو قلبه، فالوحشة هي غالبة على الظلمة من ضيق صدورهم، وسوء أخلاقهم، وفرط غيظهم على من يظلمون عليهم، كل ذلك من خراب أوطان راحاتهم وهي في الحقيقة من جملة العقوبات التي تلحقهم على ظلمهم، ويقال: خراب منازل الظلمة ربما يستأخر وربما يتعجل، وخراب نفوسهم في تعطلها عن العبادات بشؤم ظلمها كما قال تعالى: { فَهِيَ خَاوِيَةٌ عَلَىٰ عُرُوشِهَا } [الحج: 45] وخراب قلوبهم باستيلاء الغفلة عليهم خصوصاً في أوقات صلواتهم وأوان خلواتهم فهو غير مستأخر.  وبقوله تعالى: { وَبِئْرٍ مُّعَطَّلَةٍ } [الحج: 45] يشير إلى: العيون المتفجرة التي كانت في بواطنهم وكانوا يستقون لإحياء أوقاتهم من غلبات الإرادة وتوجيه المواجيد، فإذا انفقوا بظلمهم غلب غشاؤها بقطع وانقطع ماؤها؛ لانسداد عيونها، ويشير بقوله تعالى: { وَقَصْرٍ مَّشِيدٍ } [الحج: 45] إلى: تعطيل أسرارهم عن مساكنها من الهيبة والإنس، وخلوا أرواحهم عن نوازل المحابة وسلطان الاشتياق وصنوف المواجيد.  وبقوله تعالى: { أَفَلَمْ يَسِيرُواْ فِي ٱلأَرْضِ } [الحج: 46] يشير إلى: السير في أرض البشرية، والعبور عنها، والوصول إلى مقامات القلب { فَتَكُونَ لَهُمْ قُلُوبٌ يَعْقِلُونَ بِهَآ } [الحج: 46] فيه إشارة إلى أن العقل الحقيقي إنما يكون من نتائج القلب بعد تصفية حواسه عن العمى والصمم، كما قال الله تعالى: { أَوْ آذَانٌ يَسْمَعُونَ بِهَا فَإِنَّهَا لاَ تَعْمَى ٱلأَبْصَارُ وَلَـٰكِن تَعْمَىٰ ٱلْقُلُوبُ ٱلَّتِي فِي ٱلصُّدُورِ } [الحج: 46] فإن صح وصف القلوب بالسمع والبصر صح وصفه بسائر صفات الحق من وجوه الإدراكات، فكما تبصر القلوب بنور اليقين تدرك نسيم الإقبال بمشام السر، وفي الخبر: "" إني لأجد نفس الرحمن من قبل اليمن "" ، وقال الله تعالى مخبراً عن يعقوب عليه السلام أنه قال: [يوسف: 94] وما كان ذلك إلا لإدراك السرائر دون اشتمام الريح في الظاهر."
22,45,"ثم أخبر عن تسلية النبي صلى الله عليه وسلم وتربيته بقوله تعالى: { وَإِن يُكَذِّبُوكَ فَقَدْ كَذَّبَتْ قَبْلَهُمْ قَوْمُ نُوحٍ وَعَادٌ } [الحج: 42] يشير إلى: أمر حتَّم الصبر من النبي صلى الله عليه وسلم على مقاساة ما يلقاه من قومه من فنون البلاء وصنوف الأسواء.  وبقوله تعالى: { فَكَأَيِّن مِّن قَرْيَةٍ أَهْلَكْنَاهَا وَهِيَ ظَالِمَةٌ } [الحج: 45] يشير إلى: خراب قلوب أهل الظلم، فإن الظلم يوجب خراب أوطان الظالم، فيخرب أولاً أوطان راحة الظالم وهو قلبه، فالوحشة هي غالبة على الظلمة من ضيق صدورهم، وسوء أخلاقهم، وفرط غيظهم على من يظلمون عليهم، كل ذلك من خراب أوطان راحاتهم وهي في الحقيقة من جملة العقوبات التي تلحقهم على ظلمهم، ويقال: خراب منازل الظلمة ربما يستأخر وربما يتعجل، وخراب نفوسهم في تعطلها عن العبادات بشؤم ظلمها كما قال تعالى: { فَهِيَ خَاوِيَةٌ عَلَىٰ عُرُوشِهَا } [الحج: 45] وخراب قلوبهم باستيلاء الغفلة عليهم خصوصاً في أوقات صلواتهم وأوان خلواتهم فهو غير مستأخر.  وبقوله تعالى: { وَبِئْرٍ مُّعَطَّلَةٍ } [الحج: 45] يشير إلى: العيون المتفجرة التي كانت في بواطنهم وكانوا يستقون لإحياء أوقاتهم من غلبات الإرادة وتوجيه المواجيد، فإذا انفقوا بظلمهم غلب غشاؤها بقطع وانقطع ماؤها؛ لانسداد عيونها، ويشير بقوله تعالى: { وَقَصْرٍ مَّشِيدٍ } [الحج: 45] إلى: تعطيل أسرارهم عن مساكنها من الهيبة والإنس، وخلوا أرواحهم عن نوازل المحابة وسلطان الاشتياق وصنوف المواجيد.  وبقوله تعالى: { أَفَلَمْ يَسِيرُواْ فِي ٱلأَرْضِ } [الحج: 46] يشير إلى: السير في أرض البشرية، والعبور عنها، والوصول إلى مقامات القلب { فَتَكُونَ لَهُمْ قُلُوبٌ يَعْقِلُونَ بِهَآ } [الحج: 46] فيه إشارة إلى أن العقل الحقيقي إنما يكون من نتائج القلب بعد تصفية حواسه عن العمى والصمم، كما قال الله تعالى: { أَوْ آذَانٌ يَسْمَعُونَ بِهَا فَإِنَّهَا لاَ تَعْمَى ٱلأَبْصَارُ وَلَـٰكِن تَعْمَىٰ ٱلْقُلُوبُ ٱلَّتِي فِي ٱلصُّدُورِ } [الحج: 46] فإن صح وصف القلوب بالسمع والبصر صح وصفه بسائر صفات الحق من وجوه الإدراكات، فكما تبصر القلوب بنور اليقين تدرك نسيم الإقبال بمشام السر، وفي الخبر: "" إني لأجد نفس الرحمن من قبل اليمن "" ، وقال الله تعالى مخبراً عن يعقوب عليه السلام أنه قال: [يوسف: 94] وما كان ذلك إلا لإدراك السرائر دون اشتمام الريح في الظاهر."
22,46,"ثم أخبر عن تسلية النبي صلى الله عليه وسلم وتربيته بقوله تعالى: { وَإِن يُكَذِّبُوكَ فَقَدْ كَذَّبَتْ قَبْلَهُمْ قَوْمُ نُوحٍ وَعَادٌ } [الحج: 42] يشير إلى: أمر حتَّم الصبر من النبي صلى الله عليه وسلم على مقاساة ما يلقاه من قومه من فنون البلاء وصنوف الأسواء.  وبقوله تعالى: { فَكَأَيِّن مِّن قَرْيَةٍ أَهْلَكْنَاهَا وَهِيَ ظَالِمَةٌ } [الحج: 45] يشير إلى: خراب قلوب أهل الظلم، فإن الظلم يوجب خراب أوطان الظالم، فيخرب أولاً أوطان راحة الظالم وهو قلبه، فالوحشة هي غالبة على الظلمة من ضيق صدورهم، وسوء أخلاقهم، وفرط غيظهم على من يظلمون عليهم، كل ذلك من خراب أوطان راحاتهم وهي في الحقيقة من جملة العقوبات التي تلحقهم على ظلمهم، ويقال: خراب منازل الظلمة ربما يستأخر وربما يتعجل، وخراب نفوسهم في تعطلها عن العبادات بشؤم ظلمها كما قال تعالى: { فَهِيَ خَاوِيَةٌ عَلَىٰ عُرُوشِهَا } [الحج: 45] وخراب قلوبهم باستيلاء الغفلة عليهم خصوصاً في أوقات صلواتهم وأوان خلواتهم فهو غير مستأخر.  وبقوله تعالى: { وَبِئْرٍ مُّعَطَّلَةٍ } [الحج: 45] يشير إلى: العيون المتفجرة التي كانت في بواطنهم وكانوا يستقون لإحياء أوقاتهم من غلبات الإرادة وتوجيه المواجيد، فإذا انفقوا بظلمهم غلب غشاؤها بقطع وانقطع ماؤها؛ لانسداد عيونها، ويشير بقوله تعالى: { وَقَصْرٍ مَّشِيدٍ } [الحج: 45] إلى: تعطيل أسرارهم عن مساكنها من الهيبة والإنس، وخلوا أرواحهم عن نوازل المحابة وسلطان الاشتياق وصنوف المواجيد.  وبقوله تعالى: { أَفَلَمْ يَسِيرُواْ فِي ٱلأَرْضِ } [الحج: 46] يشير إلى: السير في أرض البشرية، والعبور عنها، والوصول إلى مقامات القلب { فَتَكُونَ لَهُمْ قُلُوبٌ يَعْقِلُونَ بِهَآ } [الحج: 46] فيه إشارة إلى أن العقل الحقيقي إنما يكون من نتائج القلب بعد تصفية حواسه عن العمى والصمم، كما قال الله تعالى: { أَوْ آذَانٌ يَسْمَعُونَ بِهَا فَإِنَّهَا لاَ تَعْمَى ٱلأَبْصَارُ وَلَـٰكِن تَعْمَىٰ ٱلْقُلُوبُ ٱلَّتِي فِي ٱلصُّدُورِ } [الحج: 46] فإن صح وصف القلوب بالسمع والبصر صح وصفه بسائر صفات الحق من وجوه الإدراكات، فكما تبصر القلوب بنور اليقين تدرك نسيم الإقبال بمشام السر، وفي الخبر: "" إني لأجد نفس الرحمن من قبل اليمن "" ، وقال الله تعالى مخبراً عن يعقوب عليه السلام أنه قال: [يوسف: 94] وما كان ذلك إلا لإدراك السرائر دون اشتمام الريح في الظاهر."
22,47,"وبقوله تعالى: { وَيَسْتَعْجِلُونَكَ بِٱلْعَذَابِ } [الحج: 47] يشير إلى: عدم تصديقهم كما قال تعالى: [الشورى: 18] ولو آمنوا لصدقوا، ولو صدقوا لسكنوا عن الاستعجال، وفي قوله تعالى: { وَلَن يُخْلِفَ ٱللَّهُ وَعْدَهُ } [الحج: 47] إشارة إلى أن الخلف في وعيد الكافرين لا يجوز، كما أن الخلف بالوعد للمؤمنين لا يجوز. ويجوز الخلف في وعيد المؤمنين؛ لأنه سبقت رحمة الله غضبه في حق المؤمنين وعدهم بالمغفرة في قوله تعالى: [النساء: 48] وبقوله تعالى: [الزمر: 53] { وَإِنَّ يَوْماً عِندَ رَبِّكَ كَأَلْفِ سَنَةٍ مِّمَّا تَعُدُّونَ } [الحج: 47] يشير إلى أن الأيام عنده تتساوى؛ إذ الاستعجال في الأمور، فسواء عنده يوم واحد وألف سنة، ومن لا يجري عليه الزمان وهو يجري الزمان؛ فسواءٌ عليه وجود الزمان وقلة الزمان وكثرة الزمان إذ ليس عنده صباح ولا مساء، وبقوله تعالى: { وَكَأَيِّن مِّن قَرْيَةٍ أَمْلَيْتُ لَهَا وَهِيَ ظَالِمَةٌ } [الحج: 48] يشير إلى الإمهال يكون من الله والإهمال لا يكون، فإنه يمهل ولا يهمل، ويدع الظالم في ظلمه حيناً، ويوسع له الحيل ويطيل له المهل، فيتوهم أنه يفلت من قبضة التقدير وذلك ظنه الذي أراد ويأخذه من حيث لا يرتقب فيعلوه ندامة؛ ولات حينه وكيف يستبقى بالحيلة ما في التقدير عدمه وإلى الله مرجعه؟ كما قال الله تعالى: { ثُمَّ أَخَذْتُهَا } [الحج: 48] نذير مبين { وَإِلَيَّ ٱلْمَصِيرُ } [الحج: 48].  ثم أخبر أهل الوفاق وأهل النفاق بقوله تعالى: { قُلْ يٰأَيُّهَا ٱلنَّاسُ إِنَّمَآ أَنَاْ لَكُمْ نَذِيرٌ مُّبِينٌ } [الحج: 49] يشير إلى أن إنذار النسيان؛ أي: قل لهم يا محمد إني أشابهكم من حيث الصورة لكني أباينكم من حيث السيرة، فأنا لمحسنكم بشير، ولمسيئكم نذير، فقد أثبت بإقامة البراهين على ما جئتكم به من وجوه الأمر بالطاعة والإحسان والنهي عن الفجور والعصيان.  { فَٱلَّذِينَ آمَنُواْ وَعَمِلُواْ ٱلصَّالِحَاتِ لَهُمْ مَّغْفِرَةٌ وَرِزْقٌ كَرِيمٌ } [الحج: 50] فالناس في المغفرة أقسام:  * فمنهم: من يستر زلته.  * ومنهم: من يستر عليه الأعمال الصالحة صيانة لهم من الملاحظة.  * ومنهم: من يستر عليه حاله لئلا يصيبه من الشهوة فتنة، وفي معناه قالوا: لا تنكرن جحدي هواك، فإنما ذلك الجحود عليك سترٌ مسبلٌ.  * ومنهم من يستره بين أوليائه في قباب الغيرة كما قال: "" أوليائي تحت قبابي لا يعرفهم غيري "".  * ومنهم: من يستر أنانيته بهويته والرزق الكريم ما يكون غير مشوب بالحدوث، بل يكون من الكريم القديم.  وبقوله تعالى: { وَٱلَّذِينَ سَعَوْاْ فِيۤ آيَاتِنَا مُعَاجِزِينَ } [الحج: 51] يشير إلى أن من عاند أهله آياته من خواص أوليائه { أُوْلَـٰئِكَ أَصْحَابُ ٱلْجَحِيمِ } [الحج: 51] جحيم الحقد والعداوة، ورد الولاية، والسقوط عن نظر الله في الدنيا، وجحيم نار جهنم في الآخرة."
22,48,"وبقوله تعالى: { وَيَسْتَعْجِلُونَكَ بِٱلْعَذَابِ } [الحج: 47] يشير إلى: عدم تصديقهم كما قال تعالى: [الشورى: 18] ولو آمنوا لصدقوا، ولو صدقوا لسكنوا عن الاستعجال، وفي قوله تعالى: { وَلَن يُخْلِفَ ٱللَّهُ وَعْدَهُ } [الحج: 47] إشارة إلى أن الخلف في وعيد الكافرين لا يجوز، كما أن الخلف بالوعد للمؤمنين لا يجوز. ويجوز الخلف في وعيد المؤمنين؛ لأنه سبقت رحمة الله غضبه في حق المؤمنين وعدهم بالمغفرة في قوله تعالى: [النساء: 48] وبقوله تعالى: [الزمر: 53] { وَإِنَّ يَوْماً عِندَ رَبِّكَ كَأَلْفِ سَنَةٍ مِّمَّا تَعُدُّونَ } [الحج: 47] يشير إلى أن الأيام عنده تتساوى؛ إذ الاستعجال في الأمور، فسواء عنده يوم واحد وألف سنة، ومن لا يجري عليه الزمان وهو يجري الزمان؛ فسواءٌ عليه وجود الزمان وقلة الزمان وكثرة الزمان إذ ليس عنده صباح ولا مساء، وبقوله تعالى: { وَكَأَيِّن مِّن قَرْيَةٍ أَمْلَيْتُ لَهَا وَهِيَ ظَالِمَةٌ } [الحج: 48] يشير إلى الإمهال يكون من الله والإهمال لا يكون، فإنه يمهل ولا يهمل، ويدع الظالم في ظلمه حيناً، ويوسع له الحيل ويطيل له المهل، فيتوهم أنه يفلت من قبضة التقدير وذلك ظنه الذي أراد ويأخذه من حيث لا يرتقب فيعلوه ندامة؛ ولات حينه وكيف يستبقى بالحيلة ما في التقدير عدمه وإلى الله مرجعه؟ كما قال الله تعالى: { ثُمَّ أَخَذْتُهَا } [الحج: 48] نذير مبين { وَإِلَيَّ ٱلْمَصِيرُ } [الحج: 48].  ثم أخبر أهل الوفاق وأهل النفاق بقوله تعالى: { قُلْ يٰأَيُّهَا ٱلنَّاسُ إِنَّمَآ أَنَاْ لَكُمْ نَذِيرٌ مُّبِينٌ } [الحج: 49] يشير إلى أن إنذار النسيان؛ أي: قل لهم يا محمد إني أشابهكم من حيث الصورة لكني أباينكم من حيث السيرة، فأنا لمحسنكم بشير، ولمسيئكم نذير، فقد أثبت بإقامة البراهين على ما جئتكم به من وجوه الأمر بالطاعة والإحسان والنهي عن الفجور والعصيان.  { فَٱلَّذِينَ آمَنُواْ وَعَمِلُواْ ٱلصَّالِحَاتِ لَهُمْ مَّغْفِرَةٌ وَرِزْقٌ كَرِيمٌ } [الحج: 50] فالناس في المغفرة أقسام:  * فمنهم: من يستر زلته.  * ومنهم: من يستر عليه الأعمال الصالحة صيانة لهم من الملاحظة.  * ومنهم: من يستر عليه حاله لئلا يصيبه من الشهوة فتنة، وفي معناه قالوا: لا تنكرن جحدي هواك، فإنما ذلك الجحود عليك سترٌ مسبلٌ.  * ومنهم من يستره بين أوليائه في قباب الغيرة كما قال: "" أوليائي تحت قبابي لا يعرفهم غيري "".  * ومنهم: من يستر أنانيته بهويته والرزق الكريم ما يكون غير مشوب بالحدوث، بل يكون من الكريم القديم.  وبقوله تعالى: { وَٱلَّذِينَ سَعَوْاْ فِيۤ آيَاتِنَا مُعَاجِزِينَ } [الحج: 51] يشير إلى أن من عاند أهله آياته من خواص أوليائه { أُوْلَـٰئِكَ أَصْحَابُ ٱلْجَحِيمِ } [الحج: 51] جحيم الحقد والعداوة، ورد الولاية، والسقوط عن نظر الله في الدنيا، وجحيم نار جهنم في الآخرة."
22,49,"وبقوله تعالى: { وَيَسْتَعْجِلُونَكَ بِٱلْعَذَابِ } [الحج: 47] يشير إلى: عدم تصديقهم كما قال تعالى: [الشورى: 18] ولو آمنوا لصدقوا، ولو صدقوا لسكنوا عن الاستعجال، وفي قوله تعالى: { وَلَن يُخْلِفَ ٱللَّهُ وَعْدَهُ } [الحج: 47] إشارة إلى أن الخلف في وعيد الكافرين لا يجوز، كما أن الخلف بالوعد للمؤمنين لا يجوز. ويجوز الخلف في وعيد المؤمنين؛ لأنه سبقت رحمة الله غضبه في حق المؤمنين وعدهم بالمغفرة في قوله تعالى: [النساء: 48] وبقوله تعالى: [الزمر: 53] { وَإِنَّ يَوْماً عِندَ رَبِّكَ كَأَلْفِ سَنَةٍ مِّمَّا تَعُدُّونَ } [الحج: 47] يشير إلى أن الأيام عنده تتساوى؛ إذ الاستعجال في الأمور، فسواء عنده يوم واحد وألف سنة، ومن لا يجري عليه الزمان وهو يجري الزمان؛ فسواءٌ عليه وجود الزمان وقلة الزمان وكثرة الزمان إذ ليس عنده صباح ولا مساء، وبقوله تعالى: { وَكَأَيِّن مِّن قَرْيَةٍ أَمْلَيْتُ لَهَا وَهِيَ ظَالِمَةٌ } [الحج: 48] يشير إلى الإمهال يكون من الله والإهمال لا يكون، فإنه يمهل ولا يهمل، ويدع الظالم في ظلمه حيناً، ويوسع له الحيل ويطيل له المهل، فيتوهم أنه يفلت من قبضة التقدير وذلك ظنه الذي أراد ويأخذه من حيث لا يرتقب فيعلوه ندامة؛ ولات حينه وكيف يستبقى بالحيلة ما في التقدير عدمه وإلى الله مرجعه؟ كما قال الله تعالى: { ثُمَّ أَخَذْتُهَا } [الحج: 48] نذير مبين { وَإِلَيَّ ٱلْمَصِيرُ } [الحج: 48].  ثم أخبر أهل الوفاق وأهل النفاق بقوله تعالى: { قُلْ يٰأَيُّهَا ٱلنَّاسُ إِنَّمَآ أَنَاْ لَكُمْ نَذِيرٌ مُّبِينٌ } [الحج: 49] يشير إلى أن إنذار النسيان؛ أي: قل لهم يا محمد إني أشابهكم من حيث الصورة لكني أباينكم من حيث السيرة، فأنا لمحسنكم بشير، ولمسيئكم نذير، فقد أثبت بإقامة البراهين على ما جئتكم به من وجوه الأمر بالطاعة والإحسان والنهي عن الفجور والعصيان.  { فَٱلَّذِينَ آمَنُواْ وَعَمِلُواْ ٱلصَّالِحَاتِ لَهُمْ مَّغْفِرَةٌ وَرِزْقٌ كَرِيمٌ } [الحج: 50] فالناس في المغفرة أقسام:  * فمنهم: من يستر زلته.  * ومنهم: من يستر عليه الأعمال الصالحة صيانة لهم من الملاحظة.  * ومنهم: من يستر عليه حاله لئلا يصيبه من الشهوة فتنة، وفي معناه قالوا: لا تنكرن جحدي هواك، فإنما ذلك الجحود عليك سترٌ مسبلٌ.  * ومنهم من يستره بين أوليائه في قباب الغيرة كما قال: "" أوليائي تحت قبابي لا يعرفهم غيري "".  * ومنهم: من يستر أنانيته بهويته والرزق الكريم ما يكون غير مشوب بالحدوث، بل يكون من الكريم القديم.  وبقوله تعالى: { وَٱلَّذِينَ سَعَوْاْ فِيۤ آيَاتِنَا مُعَاجِزِينَ } [الحج: 51] يشير إلى أن من عاند أهله آياته من خواص أوليائه { أُوْلَـٰئِكَ أَصْحَابُ ٱلْجَحِيمِ } [الحج: 51] جحيم الحقد والعداوة، ورد الولاية، والسقوط عن نظر الله في الدنيا، وجحيم نار جهنم في الآخرة."
22,50,"وبقوله تعالى: { وَيَسْتَعْجِلُونَكَ بِٱلْعَذَابِ } [الحج: 47] يشير إلى: عدم تصديقهم كما قال تعالى: [الشورى: 18] ولو آمنوا لصدقوا، ولو صدقوا لسكنوا عن الاستعجال، وفي قوله تعالى: { وَلَن يُخْلِفَ ٱللَّهُ وَعْدَهُ } [الحج: 47] إشارة إلى أن الخلف في وعيد الكافرين لا يجوز، كما أن الخلف بالوعد للمؤمنين لا يجوز. ويجوز الخلف في وعيد المؤمنين؛ لأنه سبقت رحمة الله غضبه في حق المؤمنين وعدهم بالمغفرة في قوله تعالى: [النساء: 48] وبقوله تعالى: [الزمر: 53] { وَإِنَّ يَوْماً عِندَ رَبِّكَ كَأَلْفِ سَنَةٍ مِّمَّا تَعُدُّونَ } [الحج: 47] يشير إلى أن الأيام عنده تتساوى؛ إذ الاستعجال في الأمور، فسواء عنده يوم واحد وألف سنة، ومن لا يجري عليه الزمان وهو يجري الزمان؛ فسواءٌ عليه وجود الزمان وقلة الزمان وكثرة الزمان إذ ليس عنده صباح ولا مساء، وبقوله تعالى: { وَكَأَيِّن مِّن قَرْيَةٍ أَمْلَيْتُ لَهَا وَهِيَ ظَالِمَةٌ } [الحج: 48] يشير إلى الإمهال يكون من الله والإهمال لا يكون، فإنه يمهل ولا يهمل، ويدع الظالم في ظلمه حيناً، ويوسع له الحيل ويطيل له المهل، فيتوهم أنه يفلت من قبضة التقدير وذلك ظنه الذي أراد ويأخذه من حيث لا يرتقب فيعلوه ندامة؛ ولات حينه وكيف يستبقى بالحيلة ما في التقدير عدمه وإلى الله مرجعه؟ كما قال الله تعالى: { ثُمَّ أَخَذْتُهَا } [الحج: 48] نذير مبين { وَإِلَيَّ ٱلْمَصِيرُ } [الحج: 48].  ثم أخبر أهل الوفاق وأهل النفاق بقوله تعالى: { قُلْ يٰأَيُّهَا ٱلنَّاسُ إِنَّمَآ أَنَاْ لَكُمْ نَذِيرٌ مُّبِينٌ } [الحج: 49] يشير إلى أن إنذار النسيان؛ أي: قل لهم يا محمد إني أشابهكم من حيث الصورة لكني أباينكم من حيث السيرة، فأنا لمحسنكم بشير، ولمسيئكم نذير، فقد أثبت بإقامة البراهين على ما جئتكم به من وجوه الأمر بالطاعة والإحسان والنهي عن الفجور والعصيان.  { فَٱلَّذِينَ آمَنُواْ وَعَمِلُواْ ٱلصَّالِحَاتِ لَهُمْ مَّغْفِرَةٌ وَرِزْقٌ كَرِيمٌ } [الحج: 50] فالناس في المغفرة أقسام:  * فمنهم: من يستر زلته.  * ومنهم: من يستر عليه الأعمال الصالحة صيانة لهم من الملاحظة.  * ومنهم: من يستر عليه حاله لئلا يصيبه من الشهوة فتنة، وفي معناه قالوا: لا تنكرن جحدي هواك، فإنما ذلك الجحود عليك سترٌ مسبلٌ.  * ومنهم من يستره بين أوليائه في قباب الغيرة كما قال: "" أوليائي تحت قبابي لا يعرفهم غيري "".  * ومنهم: من يستر أنانيته بهويته والرزق الكريم ما يكون غير مشوب بالحدوث، بل يكون من الكريم القديم.  وبقوله تعالى: { وَٱلَّذِينَ سَعَوْاْ فِيۤ آيَاتِنَا مُعَاجِزِينَ } [الحج: 51] يشير إلى أن من عاند أهله آياته من خواص أوليائه { أُوْلَـٰئِكَ أَصْحَابُ ٱلْجَحِيمِ } [الحج: 51] جحيم الحقد والعداوة، ورد الولاية، والسقوط عن نظر الله في الدنيا، وجحيم نار جهنم في الآخرة."
22,51,"وبقوله تعالى: { وَيَسْتَعْجِلُونَكَ بِٱلْعَذَابِ } [الحج: 47] يشير إلى: عدم تصديقهم كما قال تعالى: [الشورى: 18] ولو آمنوا لصدقوا، ولو صدقوا لسكنوا عن الاستعجال، وفي قوله تعالى: { وَلَن يُخْلِفَ ٱللَّهُ وَعْدَهُ } [الحج: 47] إشارة إلى أن الخلف في وعيد الكافرين لا يجوز، كما أن الخلف بالوعد للمؤمنين لا يجوز. ويجوز الخلف في وعيد المؤمنين؛ لأنه سبقت رحمة الله غضبه في حق المؤمنين وعدهم بالمغفرة في قوله تعالى: [النساء: 48] وبقوله تعالى: [الزمر: 53] { وَإِنَّ يَوْماً عِندَ رَبِّكَ كَأَلْفِ سَنَةٍ مِّمَّا تَعُدُّونَ } [الحج: 47] يشير إلى أن الأيام عنده تتساوى؛ إذ الاستعجال في الأمور، فسواء عنده يوم واحد وألف سنة، ومن لا يجري عليه الزمان وهو يجري الزمان؛ فسواءٌ عليه وجود الزمان وقلة الزمان وكثرة الزمان إذ ليس عنده صباح ولا مساء، وبقوله تعالى: { وَكَأَيِّن مِّن قَرْيَةٍ أَمْلَيْتُ لَهَا وَهِيَ ظَالِمَةٌ } [الحج: 48] يشير إلى الإمهال يكون من الله والإهمال لا يكون، فإنه يمهل ولا يهمل، ويدع الظالم في ظلمه حيناً، ويوسع له الحيل ويطيل له المهل، فيتوهم أنه يفلت من قبضة التقدير وذلك ظنه الذي أراد ويأخذه من حيث لا يرتقب فيعلوه ندامة؛ ولات حينه وكيف يستبقى بالحيلة ما في التقدير عدمه وإلى الله مرجعه؟ كما قال الله تعالى: { ثُمَّ أَخَذْتُهَا } [الحج: 48] نذير مبين { وَإِلَيَّ ٱلْمَصِيرُ } [الحج: 48].  ثم أخبر أهل الوفاق وأهل النفاق بقوله تعالى: { قُلْ يٰأَيُّهَا ٱلنَّاسُ إِنَّمَآ أَنَاْ لَكُمْ نَذِيرٌ مُّبِينٌ } [الحج: 49] يشير إلى أن إنذار النسيان؛ أي: قل لهم يا محمد إني أشابهكم من حيث الصورة لكني أباينكم من حيث السيرة، فأنا لمحسنكم بشير، ولمسيئكم نذير، فقد أثبت بإقامة البراهين على ما جئتكم به من وجوه الأمر بالطاعة والإحسان والنهي عن الفجور والعصيان.  { فَٱلَّذِينَ آمَنُواْ وَعَمِلُواْ ٱلصَّالِحَاتِ لَهُمْ مَّغْفِرَةٌ وَرِزْقٌ كَرِيمٌ } [الحج: 50] فالناس في المغفرة أقسام:  * فمنهم: من يستر زلته.  * ومنهم: من يستر عليه الأعمال الصالحة صيانة لهم من الملاحظة.  * ومنهم: من يستر عليه حاله لئلا يصيبه من الشهوة فتنة، وفي معناه قالوا: لا تنكرن جحدي هواك، فإنما ذلك الجحود عليك سترٌ مسبلٌ.  * ومنهم من يستره بين أوليائه في قباب الغيرة كما قال: "" أوليائي تحت قبابي لا يعرفهم غيري "".  * ومنهم: من يستر أنانيته بهويته والرزق الكريم ما يكون غير مشوب بالحدوث، بل يكون من الكريم القديم.  وبقوله تعالى: { وَٱلَّذِينَ سَعَوْاْ فِيۤ آيَاتِنَا مُعَاجِزِينَ } [الحج: 51] يشير إلى أن من عاند أهله آياته من خواص أوليائه { أُوْلَـٰئِكَ أَصْحَابُ ٱلْجَحِيمِ } [الحج: 51] جحيم الحقد والعداوة، ورد الولاية، والسقوط عن نظر الله في الدنيا، وجحيم نار جهنم في الآخرة."
22,52,وبقوله تعالى: { وَمَآ أَرْسَلْنَا مِن قَبْلِكَ مِن رَّسُولٍ وَلاَ نَبِيٍّ إِلاَّ إِذَا تَمَنَّىٰ أَلْقَى ٱلشَّيْطَانُ فِيۤ أُمْنِيَّتِهِ } [الحج: 52] يشير إلى أن الرسل والأنبياء تربيتهم وترقيتهم في الابتلاء والامتحان، وذلك لأنه إذا بقي في أحدهم أدنى ملاحظة يحرص بها على إيمان القوم فوق ما أمر به ابتلاه الله تعالى ببلاء مجال الشيطان في الإلقاء في أمنيته بقول أو عمل شيطاني؛ ليحترق بنار إلقاء الشيطان بقية من الملاحظة بالحرص الإنساني، فلا يؤثر تأييد سلطنة الشيطان في أحوالهم، فعلى هذا قال الله تعالى تنبيهاً للنبي صلى الله عليه وسلم عن حال حرصه تربيته له وتأديباً: [يوسف: 103]، ولهذا السر لمَّا كان مأموراً بقوله تعالى: [هود: 112].  { فَيَنسَخُ ٱللَّهُ مَا يُلْقِي ٱلشَّيْطَانُ } [الحج: 52] يبطل تصرفاته بحيث لا يضره شيء، بل يكون سبباً لتنقية النفس وتزكيتها من بقاء صفاتها { ثُمَّ يُحْكِمُ ٱللَّهُ آيَاتِهِ } [الحج: 52] المقيدة في السير إلى الله تعالى { وَٱللَّهُ عَلِيمٌ } [الحج: 52] بمصالح عباده المخلصين { حَكِيمٌ } [الحج: 52] فيما يجري عليم بالأعمال والأحوال، ومن حكمته فيما يلقي الشيطان { لِّيَجْعَلَ مَا يُلْقِي ٱلشَّيْطَانُ فِتْنَةً لِّلَّذِينَ فِي قُلُوبِهِم مَّرَضٌ } [الحج: 53] من الشك والإنكار؛ ليصدهم عن سبيل الله ويقطع الطريق.  { وَٱلْقَاسِيَةِ قُلُوبُهُمْ } [الحج: 53] فإن الله تعالى إذا أراد بعبد خيراً مده بنور التحقيق، وأيده بحسن العصمة من تصرفات الشيطان، وإذا أراد بعبد شرًّا وكلَّه إلى نفسه بالخذلان حتى يرى الباطل حقا، فيُظلم على نفسه بإثبات الباطل ونفي الحق، فأبعد بهذا الامتحان عن حضرته هذا معنى قوله تعالى: { وَإِنَّ ٱلظَّالِمِينَ لَفِي شِقَاقٍ بَعِيدٍ } [الحج: 53] وإن الله ليبتلي المؤمن المخلص بفتنة وبلاء حسن، ويرزقه حسن بصيرة يميز بها بين الحق والباطل، فلا يظلمه غمام الذنب، ويتجلى عنه غطاء الغفلة، فلا يؤثر فيه دخان الفتنة والبلاء، كما لا تأخير لضباب الغداة في شعاع الشمس عند منزع النهار.  وهذا معنى قوله تعالى: { وَلِيَعْلَمَ ٱلَّذِينَ أُوتُواْ ٱلْعِلْمَ أَنَّهُ ٱلْحَقُّ مِن رَّبِّكَ فَيُؤْمِنُواْ بِهِ فَتُخْبِتَ لَهُ قُلُوبُهُمْ وَإِنَّ ٱللَّهَ لَهَادِ ٱلَّذِينَ آمَنُوۤاْ إِلَىٰ صِرَاطٍ مُّسْتَقِيمٍ } [الحج: 54] فيه إشارة إلى أن الهداية للإيمان إلى صراط مستقيم من الله تعالى ومن تأييده، لا من الإنسان وطبعه، وإن من وكل فيه لنفسه، وخذله بطبعه لا يزول عنه الشك والكفر والضلالة إلى الأبد، وهذا معنى قوله تعالى: { وَلاَ يَزَالُ ٱلَّذِينَ كَفَرُواْ فِي مِرْيَةٍ مِّنْهُ حَتَّىٰ تَأْتِيَهُمُ ٱلسَّاعَةُ بَغْتَةً أَوْ يَأْتِيَهُمْ عَذَابُ يَوْمٍ عَقِيمٍ } [الحج: 55] واليوم العقيم: هو الأبد، فإنه لا دليل له المعنى، أو يأتيهم عذاب قطيعة لا وصلة بعده.
22,53,وبقوله تعالى: { وَمَآ أَرْسَلْنَا مِن قَبْلِكَ مِن رَّسُولٍ وَلاَ نَبِيٍّ إِلاَّ إِذَا تَمَنَّىٰ أَلْقَى ٱلشَّيْطَانُ فِيۤ أُمْنِيَّتِهِ } [الحج: 52] يشير إلى أن الرسل والأنبياء تربيتهم وترقيتهم في الابتلاء والامتحان، وذلك لأنه إذا بقي في أحدهم أدنى ملاحظة يحرص بها على إيمان القوم فوق ما أمر به ابتلاه الله تعالى ببلاء مجال الشيطان في الإلقاء في أمنيته بقول أو عمل شيطاني؛ ليحترق بنار إلقاء الشيطان بقية من الملاحظة بالحرص الإنساني، فلا يؤثر تأييد سلطنة الشيطان في أحوالهم، فعلى هذا قال الله تعالى تنبيهاً للنبي صلى الله عليه وسلم عن حال حرصه تربيته له وتأديباً: [يوسف: 103]، ولهذا السر لمَّا كان مأموراً بقوله تعالى: [هود: 112].  { فَيَنسَخُ ٱللَّهُ مَا يُلْقِي ٱلشَّيْطَانُ } [الحج: 52] يبطل تصرفاته بحيث لا يضره شيء، بل يكون سبباً لتنقية النفس وتزكيتها من بقاء صفاتها { ثُمَّ يُحْكِمُ ٱللَّهُ آيَاتِهِ } [الحج: 52] المقيدة في السير إلى الله تعالى { وَٱللَّهُ عَلِيمٌ } [الحج: 52] بمصالح عباده المخلصين { حَكِيمٌ } [الحج: 52] فيما يجري عليم بالأعمال والأحوال، ومن حكمته فيما يلقي الشيطان { لِّيَجْعَلَ مَا يُلْقِي ٱلشَّيْطَانُ فِتْنَةً لِّلَّذِينَ فِي قُلُوبِهِم مَّرَضٌ } [الحج: 53] من الشك والإنكار؛ ليصدهم عن سبيل الله ويقطع الطريق.  { وَٱلْقَاسِيَةِ قُلُوبُهُمْ } [الحج: 53] فإن الله تعالى إذا أراد بعبد خيراً مده بنور التحقيق، وأيده بحسن العصمة من تصرفات الشيطان، وإذا أراد بعبد شرًّا وكلَّه إلى نفسه بالخذلان حتى يرى الباطل حقا، فيُظلم على نفسه بإثبات الباطل ونفي الحق، فأبعد بهذا الامتحان عن حضرته هذا معنى قوله تعالى: { وَإِنَّ ٱلظَّالِمِينَ لَفِي شِقَاقٍ بَعِيدٍ } [الحج: 53] وإن الله ليبتلي المؤمن المخلص بفتنة وبلاء حسن، ويرزقه حسن بصيرة يميز بها بين الحق والباطل، فلا يظلمه غمام الذنب، ويتجلى عنه غطاء الغفلة، فلا يؤثر فيه دخان الفتنة والبلاء، كما لا تأخير لضباب الغداة في شعاع الشمس عند منزع النهار.  وهذا معنى قوله تعالى: { وَلِيَعْلَمَ ٱلَّذِينَ أُوتُواْ ٱلْعِلْمَ أَنَّهُ ٱلْحَقُّ مِن رَّبِّكَ فَيُؤْمِنُواْ بِهِ فَتُخْبِتَ لَهُ قُلُوبُهُمْ وَإِنَّ ٱللَّهَ لَهَادِ ٱلَّذِينَ آمَنُوۤاْ إِلَىٰ صِرَاطٍ مُّسْتَقِيمٍ } [الحج: 54] فيه إشارة إلى أن الهداية للإيمان إلى صراط مستقيم من الله تعالى ومن تأييده، لا من الإنسان وطبعه، وإن من وكل فيه لنفسه، وخذله بطبعه لا يزول عنه الشك والكفر والضلالة إلى الأبد، وهذا معنى قوله تعالى: { وَلاَ يَزَالُ ٱلَّذِينَ كَفَرُواْ فِي مِرْيَةٍ مِّنْهُ حَتَّىٰ تَأْتِيَهُمُ ٱلسَّاعَةُ بَغْتَةً أَوْ يَأْتِيَهُمْ عَذَابُ يَوْمٍ عَقِيمٍ } [الحج: 55] واليوم العقيم: هو الأبد، فإنه لا دليل له المعنى، أو يأتيهم عذاب قطيعة لا وصلة بعده.
22,54,وبقوله تعالى: { وَمَآ أَرْسَلْنَا مِن قَبْلِكَ مِن رَّسُولٍ وَلاَ نَبِيٍّ إِلاَّ إِذَا تَمَنَّىٰ أَلْقَى ٱلشَّيْطَانُ فِيۤ أُمْنِيَّتِهِ } [الحج: 52] يشير إلى أن الرسل والأنبياء تربيتهم وترقيتهم في الابتلاء والامتحان، وذلك لأنه إذا بقي في أحدهم أدنى ملاحظة يحرص بها على إيمان القوم فوق ما أمر به ابتلاه الله تعالى ببلاء مجال الشيطان في الإلقاء في أمنيته بقول أو عمل شيطاني؛ ليحترق بنار إلقاء الشيطان بقية من الملاحظة بالحرص الإنساني، فلا يؤثر تأييد سلطنة الشيطان في أحوالهم، فعلى هذا قال الله تعالى تنبيهاً للنبي صلى الله عليه وسلم عن حال حرصه تربيته له وتأديباً: [يوسف: 103]، ولهذا السر لمَّا كان مأموراً بقوله تعالى: [هود: 112].  { فَيَنسَخُ ٱللَّهُ مَا يُلْقِي ٱلشَّيْطَانُ } [الحج: 52] يبطل تصرفاته بحيث لا يضره شيء، بل يكون سبباً لتنقية النفس وتزكيتها من بقاء صفاتها { ثُمَّ يُحْكِمُ ٱللَّهُ آيَاتِهِ } [الحج: 52] المقيدة في السير إلى الله تعالى { وَٱللَّهُ عَلِيمٌ } [الحج: 52] بمصالح عباده المخلصين { حَكِيمٌ } [الحج: 52] فيما يجري عليم بالأعمال والأحوال، ومن حكمته فيما يلقي الشيطان { لِّيَجْعَلَ مَا يُلْقِي ٱلشَّيْطَانُ فِتْنَةً لِّلَّذِينَ فِي قُلُوبِهِم مَّرَضٌ } [الحج: 53] من الشك والإنكار؛ ليصدهم عن سبيل الله ويقطع الطريق.  { وَٱلْقَاسِيَةِ قُلُوبُهُمْ } [الحج: 53] فإن الله تعالى إذا أراد بعبد خيراً مده بنور التحقيق، وأيده بحسن العصمة من تصرفات الشيطان، وإذا أراد بعبد شرًّا وكلَّه إلى نفسه بالخذلان حتى يرى الباطل حقا، فيُظلم على نفسه بإثبات الباطل ونفي الحق، فأبعد بهذا الامتحان عن حضرته هذا معنى قوله تعالى: { وَإِنَّ ٱلظَّالِمِينَ لَفِي شِقَاقٍ بَعِيدٍ } [الحج: 53] وإن الله ليبتلي المؤمن المخلص بفتنة وبلاء حسن، ويرزقه حسن بصيرة يميز بها بين الحق والباطل، فلا يظلمه غمام الذنب، ويتجلى عنه غطاء الغفلة، فلا يؤثر فيه دخان الفتنة والبلاء، كما لا تأخير لضباب الغداة في شعاع الشمس عند منزع النهار.  وهذا معنى قوله تعالى: { وَلِيَعْلَمَ ٱلَّذِينَ أُوتُواْ ٱلْعِلْمَ أَنَّهُ ٱلْحَقُّ مِن رَّبِّكَ فَيُؤْمِنُواْ بِهِ فَتُخْبِتَ لَهُ قُلُوبُهُمْ وَإِنَّ ٱللَّهَ لَهَادِ ٱلَّذِينَ آمَنُوۤاْ إِلَىٰ صِرَاطٍ مُّسْتَقِيمٍ } [الحج: 54] فيه إشارة إلى أن الهداية للإيمان إلى صراط مستقيم من الله تعالى ومن تأييده، لا من الإنسان وطبعه، وإن من وكل فيه لنفسه، وخذله بطبعه لا يزول عنه الشك والكفر والضلالة إلى الأبد، وهذا معنى قوله تعالى: { وَلاَ يَزَالُ ٱلَّذِينَ كَفَرُواْ فِي مِرْيَةٍ مِّنْهُ حَتَّىٰ تَأْتِيَهُمُ ٱلسَّاعَةُ بَغْتَةً أَوْ يَأْتِيَهُمْ عَذَابُ يَوْمٍ عَقِيمٍ } [الحج: 55] واليوم العقيم: هو الأبد، فإنه لا دليل له المعنى، أو يأتيهم عذاب قطيعة لا وصلة بعده.
22,55,وبقوله تعالى: { وَمَآ أَرْسَلْنَا مِن قَبْلِكَ مِن رَّسُولٍ وَلاَ نَبِيٍّ إِلاَّ إِذَا تَمَنَّىٰ أَلْقَى ٱلشَّيْطَانُ فِيۤ أُمْنِيَّتِهِ } [الحج: 52] يشير إلى أن الرسل والأنبياء تربيتهم وترقيتهم في الابتلاء والامتحان، وذلك لأنه إذا بقي في أحدهم أدنى ملاحظة يحرص بها على إيمان القوم فوق ما أمر به ابتلاه الله تعالى ببلاء مجال الشيطان في الإلقاء في أمنيته بقول أو عمل شيطاني؛ ليحترق بنار إلقاء الشيطان بقية من الملاحظة بالحرص الإنساني، فلا يؤثر تأييد سلطنة الشيطان في أحوالهم، فعلى هذا قال الله تعالى تنبيهاً للنبي صلى الله عليه وسلم عن حال حرصه تربيته له وتأديباً: [يوسف: 103]، ولهذا السر لمَّا كان مأموراً بقوله تعالى: [هود: 112].  { فَيَنسَخُ ٱللَّهُ مَا يُلْقِي ٱلشَّيْطَانُ } [الحج: 52] يبطل تصرفاته بحيث لا يضره شيء، بل يكون سبباً لتنقية النفس وتزكيتها من بقاء صفاتها { ثُمَّ يُحْكِمُ ٱللَّهُ آيَاتِهِ } [الحج: 52] المقيدة في السير إلى الله تعالى { وَٱللَّهُ عَلِيمٌ } [الحج: 52] بمصالح عباده المخلصين { حَكِيمٌ } [الحج: 52] فيما يجري عليم بالأعمال والأحوال، ومن حكمته فيما يلقي الشيطان { لِّيَجْعَلَ مَا يُلْقِي ٱلشَّيْطَانُ فِتْنَةً لِّلَّذِينَ فِي قُلُوبِهِم مَّرَضٌ } [الحج: 53] من الشك والإنكار؛ ليصدهم عن سبيل الله ويقطع الطريق.  { وَٱلْقَاسِيَةِ قُلُوبُهُمْ } [الحج: 53] فإن الله تعالى إذا أراد بعبد خيراً مده بنور التحقيق، وأيده بحسن العصمة من تصرفات الشيطان، وإذا أراد بعبد شرًّا وكلَّه إلى نفسه بالخذلان حتى يرى الباطل حقا، فيُظلم على نفسه بإثبات الباطل ونفي الحق، فأبعد بهذا الامتحان عن حضرته هذا معنى قوله تعالى: { وَإِنَّ ٱلظَّالِمِينَ لَفِي شِقَاقٍ بَعِيدٍ } [الحج: 53] وإن الله ليبتلي المؤمن المخلص بفتنة وبلاء حسن، ويرزقه حسن بصيرة يميز بها بين الحق والباطل، فلا يظلمه غمام الذنب، ويتجلى عنه غطاء الغفلة، فلا يؤثر فيه دخان الفتنة والبلاء، كما لا تأخير لضباب الغداة في شعاع الشمس عند منزع النهار.  وهذا معنى قوله تعالى: { وَلِيَعْلَمَ ٱلَّذِينَ أُوتُواْ ٱلْعِلْمَ أَنَّهُ ٱلْحَقُّ مِن رَّبِّكَ فَيُؤْمِنُواْ بِهِ فَتُخْبِتَ لَهُ قُلُوبُهُمْ وَإِنَّ ٱللَّهَ لَهَادِ ٱلَّذِينَ آمَنُوۤاْ إِلَىٰ صِرَاطٍ مُّسْتَقِيمٍ } [الحج: 54] فيه إشارة إلى أن الهداية للإيمان إلى صراط مستقيم من الله تعالى ومن تأييده، لا من الإنسان وطبعه، وإن من وكل فيه لنفسه، وخذله بطبعه لا يزول عنه الشك والكفر والضلالة إلى الأبد، وهذا معنى قوله تعالى: { وَلاَ يَزَالُ ٱلَّذِينَ كَفَرُواْ فِي مِرْيَةٍ مِّنْهُ حَتَّىٰ تَأْتِيَهُمُ ٱلسَّاعَةُ بَغْتَةً أَوْ يَأْتِيَهُمْ عَذَابُ يَوْمٍ عَقِيمٍ } [الحج: 55] واليوم العقيم: هو الأبد، فإنه لا دليل له المعنى، أو يأتيهم عذاب قطيعة لا وصلة بعده.
22,56,"ثم أخبر عن حكم الفريقين وحالهم في الطريقين بقوله تعالى: { ٱلْمُلْكُ يَوْمَئِذٍ للَّهِ } [الحج: 56] يشير إلى أن الحكم يومئذٍ لله لا لغيره، وأنه { يَحْكُمُ بَيْنَهُمْ } [الحج: 56] وإلا لم يتخصص ملكه تعالى بيوم دون يوم، ولم يتحدد له وقت إذا أمر، ولأجله أنه قدر ولكن الدعاوى في ذلك اليوم بالملكية والمالكية يتقطع والظنون ترتفع، ولا يكون حاكم ولا مالك إلا هو فيحكم { فَٱلَّذِينَ آمَنُواْ وَعَمِلُواْ ٱلصَّالِحَاتِ فِي جَنَّاتِ ٱلنَّعِيمِ } [الحج: 56] نعيم جوار الحق سبحانه { وَٱلَّذِينَ كَفَرُواْ وَكَذَّبُواْ بِآيٰتِنَا فَأُوْلَـٰئِكَ لَهُمْ عَذَابٌ مُّهِينٌ } [الحج: 57] إهانة عذاب البعد والطرد والقطيعة { وَٱلَّذِينَ هَاجَرُواْ } [الحج: 58] عن أوطان الطبيعة { فِي سَبِيلِ ٱللَّهِ } [الحج: 58] في طلب الحقيقة { ثُمَّ قُتِلُوۤاْ } [الحج: 58] مكنوا بسيف الصدق نفوسهم { أَوْ مَاتُواْ } [الحج: 58] عن الأوصاف البشرية { لَيَرْزُقَنَّهُمُ ٱللَّهُ رِزْقاً حَسَناً } [الحج: 58] رزق القلوب حلاوة العرفان؛ فإن رزق الأسرار ومشاهدة الجمال، ورزق الأرواح مكاشفة الجلال { وَإِنَّ ٱللَّهَ لَهُوَ خَيْرُ ٱلرَّازِقِينَ } [الحج: 58] لأنه يرزق من أوصاف ربوبيته، كما أخبر النبي صلى الله عليه وسلم: "" أبيت عند ربي يطعمني ويسقيني "" { لَيُدْخِلَنَّهُمْ مُّدْخَلاً يَرْضَوْنَهُ } إدخالاً فوق ما يتمنونه، ومدخلاً فوق الذي يهوونه. { وَإِنَّ ٱللَّهَ لَعَلِيمٌ } كل قاصد { حَلِيمٌ } [الحج: 59] لانبساط كل صادق."
22,57,"ثم أخبر عن حكم الفريقين وحالهم في الطريقين بقوله تعالى: { ٱلْمُلْكُ يَوْمَئِذٍ للَّهِ } [الحج: 56] يشير إلى أن الحكم يومئذٍ لله لا لغيره، وأنه { يَحْكُمُ بَيْنَهُمْ } [الحج: 56] وإلا لم يتخصص ملكه تعالى بيوم دون يوم، ولم يتحدد له وقت إذا أمر، ولأجله أنه قدر ولكن الدعاوى في ذلك اليوم بالملكية والمالكية يتقطع والظنون ترتفع، ولا يكون حاكم ولا مالك إلا هو فيحكم { فَٱلَّذِينَ آمَنُواْ وَعَمِلُواْ ٱلصَّالِحَاتِ فِي جَنَّاتِ ٱلنَّعِيمِ } [الحج: 56] نعيم جوار الحق سبحانه { وَٱلَّذِينَ كَفَرُواْ وَكَذَّبُواْ بِآيٰتِنَا فَأُوْلَـٰئِكَ لَهُمْ عَذَابٌ مُّهِينٌ } [الحج: 57] إهانة عذاب البعد والطرد والقطيعة { وَٱلَّذِينَ هَاجَرُواْ } [الحج: 58] عن أوطان الطبيعة { فِي سَبِيلِ ٱللَّهِ } [الحج: 58] في طلب الحقيقة { ثُمَّ قُتِلُوۤاْ } [الحج: 58] مكنوا بسيف الصدق نفوسهم { أَوْ مَاتُواْ } [الحج: 58] عن الأوصاف البشرية { لَيَرْزُقَنَّهُمُ ٱللَّهُ رِزْقاً حَسَناً } [الحج: 58] رزق القلوب حلاوة العرفان؛ فإن رزق الأسرار ومشاهدة الجمال، ورزق الأرواح مكاشفة الجلال { وَإِنَّ ٱللَّهَ لَهُوَ خَيْرُ ٱلرَّازِقِينَ } [الحج: 58] لأنه يرزق من أوصاف ربوبيته، كما أخبر النبي صلى الله عليه وسلم: "" أبيت عند ربي يطعمني ويسقيني "" { لَيُدْخِلَنَّهُمْ مُّدْخَلاً يَرْضَوْنَهُ } إدخالاً فوق ما يتمنونه، ومدخلاً فوق الذي يهوونه. { وَإِنَّ ٱللَّهَ لَعَلِيمٌ } كل قاصد { حَلِيمٌ } [الحج: 59] لانبساط كل صادق."
22,58,"ثم أخبر عن حكم الفريقين وحالهم في الطريقين بقوله تعالى: { ٱلْمُلْكُ يَوْمَئِذٍ للَّهِ } [الحج: 56] يشير إلى أن الحكم يومئذٍ لله لا لغيره، وأنه { يَحْكُمُ بَيْنَهُمْ } [الحج: 56] وإلا لم يتخصص ملكه تعالى بيوم دون يوم، ولم يتحدد له وقت إذا أمر، ولأجله أنه قدر ولكن الدعاوى في ذلك اليوم بالملكية والمالكية يتقطع والظنون ترتفع، ولا يكون حاكم ولا مالك إلا هو فيحكم { فَٱلَّذِينَ آمَنُواْ وَعَمِلُواْ ٱلصَّالِحَاتِ فِي جَنَّاتِ ٱلنَّعِيمِ } [الحج: 56] نعيم جوار الحق سبحانه { وَٱلَّذِينَ كَفَرُواْ وَكَذَّبُواْ بِآيٰتِنَا فَأُوْلَـٰئِكَ لَهُمْ عَذَابٌ مُّهِينٌ } [الحج: 57] إهانة عذاب البعد والطرد والقطيعة { وَٱلَّذِينَ هَاجَرُواْ } [الحج: 58] عن أوطان الطبيعة { فِي سَبِيلِ ٱللَّهِ } [الحج: 58] في طلب الحقيقة { ثُمَّ قُتِلُوۤاْ } [الحج: 58] مكنوا بسيف الصدق نفوسهم { أَوْ مَاتُواْ } [الحج: 58] عن الأوصاف البشرية { لَيَرْزُقَنَّهُمُ ٱللَّهُ رِزْقاً حَسَناً } [الحج: 58] رزق القلوب حلاوة العرفان؛ فإن رزق الأسرار ومشاهدة الجمال، ورزق الأرواح مكاشفة الجلال { وَإِنَّ ٱللَّهَ لَهُوَ خَيْرُ ٱلرَّازِقِينَ } [الحج: 58] لأنه يرزق من أوصاف ربوبيته، كما أخبر النبي صلى الله عليه وسلم: "" أبيت عند ربي يطعمني ويسقيني "" { لَيُدْخِلَنَّهُمْ مُّدْخَلاً يَرْضَوْنَهُ } إدخالاً فوق ما يتمنونه، ومدخلاً فوق الذي يهوونه. { وَإِنَّ ٱللَّهَ لَعَلِيمٌ } كل قاصد { حَلِيمٌ } [الحج: 59] لانبساط كل صادق."
22,59,"ثم أخبر عن حكم الفريقين وحالهم في الطريقين بقوله تعالى: { ٱلْمُلْكُ يَوْمَئِذٍ للَّهِ } [الحج: 56] يشير إلى أن الحكم يومئذٍ لله لا لغيره، وأنه { يَحْكُمُ بَيْنَهُمْ } [الحج: 56] وإلا لم يتخصص ملكه تعالى بيوم دون يوم، ولم يتحدد له وقت إذا أمر، ولأجله أنه قدر ولكن الدعاوى في ذلك اليوم بالملكية والمالكية يتقطع والظنون ترتفع، ولا يكون حاكم ولا مالك إلا هو فيحكم { فَٱلَّذِينَ آمَنُواْ وَعَمِلُواْ ٱلصَّالِحَاتِ فِي جَنَّاتِ ٱلنَّعِيمِ } [الحج: 56] نعيم جوار الحق سبحانه { وَٱلَّذِينَ كَفَرُواْ وَكَذَّبُواْ بِآيٰتِنَا فَأُوْلَـٰئِكَ لَهُمْ عَذَابٌ مُّهِينٌ } [الحج: 57] إهانة عذاب البعد والطرد والقطيعة { وَٱلَّذِينَ هَاجَرُواْ } [الحج: 58] عن أوطان الطبيعة { فِي سَبِيلِ ٱللَّهِ } [الحج: 58] في طلب الحقيقة { ثُمَّ قُتِلُوۤاْ } [الحج: 58] مكنوا بسيف الصدق نفوسهم { أَوْ مَاتُواْ } [الحج: 58] عن الأوصاف البشرية { لَيَرْزُقَنَّهُمُ ٱللَّهُ رِزْقاً حَسَناً } [الحج: 58] رزق القلوب حلاوة العرفان؛ فإن رزق الأسرار ومشاهدة الجمال، ورزق الأرواح مكاشفة الجلال { وَإِنَّ ٱللَّهَ لَهُوَ خَيْرُ ٱلرَّازِقِينَ } [الحج: 58] لأنه يرزق من أوصاف ربوبيته، كما أخبر النبي صلى الله عليه وسلم: "" أبيت عند ربي يطعمني ويسقيني "" { لَيُدْخِلَنَّهُمْ مُّدْخَلاً يَرْضَوْنَهُ } إدخالاً فوق ما يتمنونه، ومدخلاً فوق الذي يهوونه. { وَإِنَّ ٱللَّهَ لَعَلِيمٌ } كل قاصد { حَلِيمٌ } [الحج: 59] لانبساط كل صادق."
22,60,وبقوله تعالى: { ذٰلِكَ وَمَنْ عَاقَبَ بِمِثْلِ مَا عُوقِبَ بِهِ ثُمَّ بُغِيَ عَلَيْهِ } [الحج: 60] أي: غلبت النفس على القلب باستيلائها وغلبات صفاتها، ويرجع القلب منظراً إلى الله تعالى في قهر النفس وصفاتها { لَيَنصُرَنَّهُ ٱللَّهُ إِنَّ ٱللَّهَ لَعَفُوٌّ } [الحج: 60] يعفو عن زلات بعض الطالبين؛ ليصف حالهم { غَفُورٌ } [الحج: 60] ستر على عيوب بعض الصادقين؛ لبقايا صفات نفوسهم.  { ذٰلِكَ بِأَنَّ ٱللَّهَ } [الحج: 61] أي: هذا بأن الله { يُولِجُ ٱللَّيْلَ فِي ٱلنَّهَارِ } [الحج: 61] أي: ليل الستر على نهار التجلي. { ٱلنَّهَارَ فِي ٱللَّيْلِ } [الحج: 61] أي: نهار التجلي في ليل الستر لبعضهم يولج ليل القبض في نهار البسط، ولبعضهم يولج نهار الأنس في ليل الهيبة، ومنهم من يدوم نهاره ولا يدخلها عليهم ليلة وذلك لأهل الأنس { وَأَنَّ ٱللَّهَ سَمِيعٌ } [الحج: 61] يسمع تضرع المشتاقين { بَصِيرٌ } [الحج: 61] يرى حرقة الواصلين { ذٰلِكَ بِأَنَّ ٱللَّهَ هُوَ ٱلْحَقُّ } [الحج: 62] يحقق أماني الصادقين، ويبطل دعاوى الكاذبين { وَأَنَّ مَا يَدْعُونَ } [الحج: 62] من دون الله؛ أي: يطلبون ما سواه { هُوَ ٱلْبَاطِلُ وَأَنَّ ٱللَّهَ هُوَ ٱلْعَلِيُّ } [الحج: 62] أي: أعلى من أن وجده الطالبون { ٱلْكَبِيرُ } [الحج: 62] العظيم الذي لا يدرك الواصلون نهايته { أَلَمْ تَرَ أَنَّ ٱللَّهَ أَنزَلَ مِنَ ٱلسَّمَآءِ مَآءً } [الحج: 63] من سماء القلب ماء الحكمة { فَتُصْبِحُ ٱلأَرْضُ مُخْضَرَّةً } [الحج: 63] أي: أرض البشرية بخضرة الشريعة، وأرض القلوب بخضرة الأسرار، وأرض الأرواح بخضرة الكشوف، وأرض الأسرار بخضرة الأنوار.  { إِنَّ ٱللَّهَ لَطِيفٌ خَبِيرٌ * لَّهُ مَا فِي ٱلسَّمَٰوَٰتِ } [الحج: 63-64] أي: ما في سماوات القلب مواهبه وما في الأرض؛ أي: أرض البشرية مراحمه { وَإِنَّ ٱللَّهَ لَهُوَ ٱلْغَنِيُّ } [الحج: 64] لا ينقص غناه من مواهبه { ٱلْحَمِيدُ } [الحج: 64] في ذاته مستغن عن حمد الحامدين.
22,61,وبقوله تعالى: { ذٰلِكَ وَمَنْ عَاقَبَ بِمِثْلِ مَا عُوقِبَ بِهِ ثُمَّ بُغِيَ عَلَيْهِ } [الحج: 60] أي: غلبت النفس على القلب باستيلائها وغلبات صفاتها، ويرجع القلب منظراً إلى الله تعالى في قهر النفس وصفاتها { لَيَنصُرَنَّهُ ٱللَّهُ إِنَّ ٱللَّهَ لَعَفُوٌّ } [الحج: 60] يعفو عن زلات بعض الطالبين؛ ليصف حالهم { غَفُورٌ } [الحج: 60] ستر على عيوب بعض الصادقين؛ لبقايا صفات نفوسهم.  { ذٰلِكَ بِأَنَّ ٱللَّهَ } [الحج: 61] أي: هذا بأن الله { يُولِجُ ٱللَّيْلَ فِي ٱلنَّهَارِ } [الحج: 61] أي: ليل الستر على نهار التجلي. { ٱلنَّهَارَ فِي ٱللَّيْلِ } [الحج: 61] أي: نهار التجلي في ليل الستر لبعضهم يولج ليل القبض في نهار البسط، ولبعضهم يولج نهار الأنس في ليل الهيبة، ومنهم من يدوم نهاره ولا يدخلها عليهم ليلة وذلك لأهل الأنس { وَأَنَّ ٱللَّهَ سَمِيعٌ } [الحج: 61] يسمع تضرع المشتاقين { بَصِيرٌ } [الحج: 61] يرى حرقة الواصلين { ذٰلِكَ بِأَنَّ ٱللَّهَ هُوَ ٱلْحَقُّ } [الحج: 62] يحقق أماني الصادقين، ويبطل دعاوى الكاذبين { وَأَنَّ مَا يَدْعُونَ } [الحج: 62] من دون الله؛ أي: يطلبون ما سواه { هُوَ ٱلْبَاطِلُ وَأَنَّ ٱللَّهَ هُوَ ٱلْعَلِيُّ } [الحج: 62] أي: أعلى من أن وجده الطالبون { ٱلْكَبِيرُ } [الحج: 62] العظيم الذي لا يدرك الواصلون نهايته { أَلَمْ تَرَ أَنَّ ٱللَّهَ أَنزَلَ مِنَ ٱلسَّمَآءِ مَآءً } [الحج: 63] من سماء القلب ماء الحكمة { فَتُصْبِحُ ٱلأَرْضُ مُخْضَرَّةً } [الحج: 63] أي: أرض البشرية بخضرة الشريعة، وأرض القلوب بخضرة الأسرار، وأرض الأرواح بخضرة الكشوف، وأرض الأسرار بخضرة الأنوار.  { إِنَّ ٱللَّهَ لَطِيفٌ خَبِيرٌ * لَّهُ مَا فِي ٱلسَّمَٰوَٰتِ } [الحج: 63-64] أي: ما في سماوات القلب مواهبه وما في الأرض؛ أي: أرض البشرية مراحمه { وَإِنَّ ٱللَّهَ لَهُوَ ٱلْغَنِيُّ } [الحج: 64] لا ينقص غناه من مواهبه { ٱلْحَمِيدُ } [الحج: 64] في ذاته مستغن عن حمد الحامدين.
22,62,وبقوله تعالى: { ذٰلِكَ وَمَنْ عَاقَبَ بِمِثْلِ مَا عُوقِبَ بِهِ ثُمَّ بُغِيَ عَلَيْهِ } [الحج: 60] أي: غلبت النفس على القلب باستيلائها وغلبات صفاتها، ويرجع القلب منظراً إلى الله تعالى في قهر النفس وصفاتها { لَيَنصُرَنَّهُ ٱللَّهُ إِنَّ ٱللَّهَ لَعَفُوٌّ } [الحج: 60] يعفو عن زلات بعض الطالبين؛ ليصف حالهم { غَفُورٌ } [الحج: 60] ستر على عيوب بعض الصادقين؛ لبقايا صفات نفوسهم.  { ذٰلِكَ بِأَنَّ ٱللَّهَ } [الحج: 61] أي: هذا بأن الله { يُولِجُ ٱللَّيْلَ فِي ٱلنَّهَارِ } [الحج: 61] أي: ليل الستر على نهار التجلي. { ٱلنَّهَارَ فِي ٱللَّيْلِ } [الحج: 61] أي: نهار التجلي في ليل الستر لبعضهم يولج ليل القبض في نهار البسط، ولبعضهم يولج نهار الأنس في ليل الهيبة، ومنهم من يدوم نهاره ولا يدخلها عليهم ليلة وذلك لأهل الأنس { وَأَنَّ ٱللَّهَ سَمِيعٌ } [الحج: 61] يسمع تضرع المشتاقين { بَصِيرٌ } [الحج: 61] يرى حرقة الواصلين { ذٰلِكَ بِأَنَّ ٱللَّهَ هُوَ ٱلْحَقُّ } [الحج: 62] يحقق أماني الصادقين، ويبطل دعاوى الكاذبين { وَأَنَّ مَا يَدْعُونَ } [الحج: 62] من دون الله؛ أي: يطلبون ما سواه { هُوَ ٱلْبَاطِلُ وَأَنَّ ٱللَّهَ هُوَ ٱلْعَلِيُّ } [الحج: 62] أي: أعلى من أن وجده الطالبون { ٱلْكَبِيرُ } [الحج: 62] العظيم الذي لا يدرك الواصلون نهايته { أَلَمْ تَرَ أَنَّ ٱللَّهَ أَنزَلَ مِنَ ٱلسَّمَآءِ مَآءً } [الحج: 63] من سماء القلب ماء الحكمة { فَتُصْبِحُ ٱلأَرْضُ مُخْضَرَّةً } [الحج: 63] أي: أرض البشرية بخضرة الشريعة، وأرض القلوب بخضرة الأسرار، وأرض الأرواح بخضرة الكشوف، وأرض الأسرار بخضرة الأنوار.  { إِنَّ ٱللَّهَ لَطِيفٌ خَبِيرٌ * لَّهُ مَا فِي ٱلسَّمَٰوَٰتِ } [الحج: 63-64] أي: ما في سماوات القلب مواهبه وما في الأرض؛ أي: أرض البشرية مراحمه { وَإِنَّ ٱللَّهَ لَهُوَ ٱلْغَنِيُّ } [الحج: 64] لا ينقص غناه من مواهبه { ٱلْحَمِيدُ } [الحج: 64] في ذاته مستغن عن حمد الحامدين.
22,63,وبقوله تعالى: { ذٰلِكَ وَمَنْ عَاقَبَ بِمِثْلِ مَا عُوقِبَ بِهِ ثُمَّ بُغِيَ عَلَيْهِ } [الحج: 60] أي: غلبت النفس على القلب باستيلائها وغلبات صفاتها، ويرجع القلب منظراً إلى الله تعالى في قهر النفس وصفاتها { لَيَنصُرَنَّهُ ٱللَّهُ إِنَّ ٱللَّهَ لَعَفُوٌّ } [الحج: 60] يعفو عن زلات بعض الطالبين؛ ليصف حالهم { غَفُورٌ } [الحج: 60] ستر على عيوب بعض الصادقين؛ لبقايا صفات نفوسهم.  { ذٰلِكَ بِأَنَّ ٱللَّهَ } [الحج: 61] أي: هذا بأن الله { يُولِجُ ٱللَّيْلَ فِي ٱلنَّهَارِ } [الحج: 61] أي: ليل الستر على نهار التجلي. { ٱلنَّهَارَ فِي ٱللَّيْلِ } [الحج: 61] أي: نهار التجلي في ليل الستر لبعضهم يولج ليل القبض في نهار البسط، ولبعضهم يولج نهار الأنس في ليل الهيبة، ومنهم من يدوم نهاره ولا يدخلها عليهم ليلة وذلك لأهل الأنس { وَأَنَّ ٱللَّهَ سَمِيعٌ } [الحج: 61] يسمع تضرع المشتاقين { بَصِيرٌ } [الحج: 61] يرى حرقة الواصلين { ذٰلِكَ بِأَنَّ ٱللَّهَ هُوَ ٱلْحَقُّ } [الحج: 62] يحقق أماني الصادقين، ويبطل دعاوى الكاذبين { وَأَنَّ مَا يَدْعُونَ } [الحج: 62] من دون الله؛ أي: يطلبون ما سواه { هُوَ ٱلْبَاطِلُ وَأَنَّ ٱللَّهَ هُوَ ٱلْعَلِيُّ } [الحج: 62] أي: أعلى من أن وجده الطالبون { ٱلْكَبِيرُ } [الحج: 62] العظيم الذي لا يدرك الواصلون نهايته { أَلَمْ تَرَ أَنَّ ٱللَّهَ أَنزَلَ مِنَ ٱلسَّمَآءِ مَآءً } [الحج: 63] من سماء القلب ماء الحكمة { فَتُصْبِحُ ٱلأَرْضُ مُخْضَرَّةً } [الحج: 63] أي: أرض البشرية بخضرة الشريعة، وأرض القلوب بخضرة الأسرار، وأرض الأرواح بخضرة الكشوف، وأرض الأسرار بخضرة الأنوار.  { إِنَّ ٱللَّهَ لَطِيفٌ خَبِيرٌ * لَّهُ مَا فِي ٱلسَّمَٰوَٰتِ } [الحج: 63-64] أي: ما في سماوات القلب مواهبه وما في الأرض؛ أي: أرض البشرية مراحمه { وَإِنَّ ٱللَّهَ لَهُوَ ٱلْغَنِيُّ } [الحج: 64] لا ينقص غناه من مواهبه { ٱلْحَمِيدُ } [الحج: 64] في ذاته مستغن عن حمد الحامدين.
22,64,وبقوله تعالى: { ذٰلِكَ وَمَنْ عَاقَبَ بِمِثْلِ مَا عُوقِبَ بِهِ ثُمَّ بُغِيَ عَلَيْهِ } [الحج: 60] أي: غلبت النفس على القلب باستيلائها وغلبات صفاتها، ويرجع القلب منظراً إلى الله تعالى في قهر النفس وصفاتها { لَيَنصُرَنَّهُ ٱللَّهُ إِنَّ ٱللَّهَ لَعَفُوٌّ } [الحج: 60] يعفو عن زلات بعض الطالبين؛ ليصف حالهم { غَفُورٌ } [الحج: 60] ستر على عيوب بعض الصادقين؛ لبقايا صفات نفوسهم.  { ذٰلِكَ بِأَنَّ ٱللَّهَ } [الحج: 61] أي: هذا بأن الله { يُولِجُ ٱللَّيْلَ فِي ٱلنَّهَارِ } [الحج: 61] أي: ليل الستر على نهار التجلي. { ٱلنَّهَارَ فِي ٱللَّيْلِ } [الحج: 61] أي: نهار التجلي في ليل الستر لبعضهم يولج ليل القبض في نهار البسط، ولبعضهم يولج نهار الأنس في ليل الهيبة، ومنهم من يدوم نهاره ولا يدخلها عليهم ليلة وذلك لأهل الأنس { وَأَنَّ ٱللَّهَ سَمِيعٌ } [الحج: 61] يسمع تضرع المشتاقين { بَصِيرٌ } [الحج: 61] يرى حرقة الواصلين { ذٰلِكَ بِأَنَّ ٱللَّهَ هُوَ ٱلْحَقُّ } [الحج: 62] يحقق أماني الصادقين، ويبطل دعاوى الكاذبين { وَأَنَّ مَا يَدْعُونَ } [الحج: 62] من دون الله؛ أي: يطلبون ما سواه { هُوَ ٱلْبَاطِلُ وَأَنَّ ٱللَّهَ هُوَ ٱلْعَلِيُّ } [الحج: 62] أي: أعلى من أن وجده الطالبون { ٱلْكَبِيرُ } [الحج: 62] العظيم الذي لا يدرك الواصلون نهايته { أَلَمْ تَرَ أَنَّ ٱللَّهَ أَنزَلَ مِنَ ٱلسَّمَآءِ مَآءً } [الحج: 63] من سماء القلب ماء الحكمة { فَتُصْبِحُ ٱلأَرْضُ مُخْضَرَّةً } [الحج: 63] أي: أرض البشرية بخضرة الشريعة، وأرض القلوب بخضرة الأسرار، وأرض الأرواح بخضرة الكشوف، وأرض الأسرار بخضرة الأنوار.  { إِنَّ ٱللَّهَ لَطِيفٌ خَبِيرٌ * لَّهُ مَا فِي ٱلسَّمَٰوَٰتِ } [الحج: 63-64] أي: ما في سماوات القلب مواهبه وما في الأرض؛ أي: أرض البشرية مراحمه { وَإِنَّ ٱللَّهَ لَهُوَ ٱلْغَنِيُّ } [الحج: 64] لا ينقص غناه من مواهبه { ٱلْحَمِيدُ } [الحج: 64] في ذاته مستغن عن حمد الحامدين.
22,65,{ أَلَمْ تَرَ أَنَّ ٱللَّهَ سَخَّرَ لَكُم } [الحج: 65] أيها الطالبون الصادقون { مَّا فِي ٱلأَرْضِ } أي: أرض البشرية من الصفات الحيوانية والشيطانية { وَٱلْفُلْكَ } أي: فلك الواردات الغيبية { تَجْرِي فِي ٱلْبَحْرِ } بحر القلب { بِأَمْرِهِ } يعني: لو لم يكن أمره ما ورد وارد في القلب { وَيُمْسِكُ ٱلسَّمَآءَ } سماء القلب { أَن تَقَعَ عَلَى ٱلأَرْضِ } [الحج: 65] أرض النفس؛ يعني: أن يتصف بصفاتها { إِلاَّ بِإِذْنِهِ } [الحج: 65] أي: إلا بما أباحه الشرع ممَّا مسَّت إليه الحاجة الإنسانية مثل المأكول والمنكوح { إِنَّ ٱللَّهَ بِٱلنَّاسِ لَرَءُوفٌ رَّحِيمٌ } [الحج: 65] فيما أباح لهم من الأوصاف الحيوانية للحاجة الضرورية { وَهُوَ ٱلَّذِيۤ أَحْيَاكُمْ } [الحج: 66] بازدواج الروح إلى القالب { ثُمَّ يُمِيتُكُمْ } [الحج: 66] عن صفات البشرية { ثُمَّ يُحْيِيكُمْ } [الحج: 66] بنور الصفات الربانية. { إِنَّ ٱلإِنْسَانَ لَكَفُورٌ } [الحج: 66] بكفران هذه النعمة بألاَّ يعرف قدرها، ولا يؤدي حقوق شكرها.  ثم أخبر عن هم الأمم في مسالك المناسك بقوله تعالى: { لِّكُلِّ أُمَّةٍ جَعَلْنَا مَنسَكاً هُمْ نَاسِكُوهُ } [الحج: 67] يشير إلى أن لكل فريق من الطلاب شرعةً هم واردوها ولكل قوم طريقة هم سالكوها، ومقاماهم سكانه، ومحلاهم قطانه، وربط كل جماعة بما أهلهم، وأوصل كل ذوي رتبة إلى ما جعله محلهم، فبساط التعبد موطوء بأقدام العابدين ومشاهد الاجتهاد معمورة بأصحاب الكفل من المجتهدين، ومجالس أصحاب المعارف مأنوسة بلوازم العارفين، ومنازل المحبين مأهولة بحضور الواجدين.  { فَلاَ يُنَازِعُنَّكَ فِي ٱلأَمْرِ } [الحج: 67] أي: إشهد تعارف الأقدار، واعمل بمواجب التكليف، وانته دون ما أذنت له من المناهي { وَٱدْعُ إِلَىٰ رَبِّكَ } [الحج: 67] الجميع من المقبولين والمردودين { إِنَّكَ لَعَلَىٰ هُدًى مُّسْتَقِيمٍ } [الحج: 67] في دعوتهم { وَإِن جَادَلُوكَ } [الحج: 68] بالتأني والإنكار والاعتراض { فَقُلِ ٱللَّهُ أَعْلَمُ بِمَا تَعْمَلُونَ } [الحج: 68] معي فيجازيكم وكلهم إلينا عندما راعوا من الجلال { ٱللَّهُ يَحْكُمُ بَيْنَكُمْ يَوْمَ ٱلْقِيَامَةِ فِيمَا كُنتُمْ فِيهِ تَخْتَلِفُونَ } [الحج: 69] أمَّا الأجانب فيقال لهم: [الإسراء: 14] وأمَّا الأولياء فقوم منهم يحاسبهم حساباً يسيراً، وصنف منهم يؤتون أجورهم بغير حساب، وأمَّا الأجانب فيقعدون [القمر: 55].
22,66,{ أَلَمْ تَرَ أَنَّ ٱللَّهَ سَخَّرَ لَكُم } [الحج: 65] أيها الطالبون الصادقون { مَّا فِي ٱلأَرْضِ } أي: أرض البشرية من الصفات الحيوانية والشيطانية { وَٱلْفُلْكَ } أي: فلك الواردات الغيبية { تَجْرِي فِي ٱلْبَحْرِ } بحر القلب { بِأَمْرِهِ } يعني: لو لم يكن أمره ما ورد وارد في القلب { وَيُمْسِكُ ٱلسَّمَآءَ } سماء القلب { أَن تَقَعَ عَلَى ٱلأَرْضِ } [الحج: 65] أرض النفس؛ يعني: أن يتصف بصفاتها { إِلاَّ بِإِذْنِهِ } [الحج: 65] أي: إلا بما أباحه الشرع ممَّا مسَّت إليه الحاجة الإنسانية مثل المأكول والمنكوح { إِنَّ ٱللَّهَ بِٱلنَّاسِ لَرَءُوفٌ رَّحِيمٌ } [الحج: 65] فيما أباح لهم من الأوصاف الحيوانية للحاجة الضرورية { وَهُوَ ٱلَّذِيۤ أَحْيَاكُمْ } [الحج: 66] بازدواج الروح إلى القالب { ثُمَّ يُمِيتُكُمْ } [الحج: 66] عن صفات البشرية { ثُمَّ يُحْيِيكُمْ } [الحج: 66] بنور الصفات الربانية. { إِنَّ ٱلإِنْسَانَ لَكَفُورٌ } [الحج: 66] بكفران هذه النعمة بألاَّ يعرف قدرها، ولا يؤدي حقوق شكرها.  ثم أخبر عن هم الأمم في مسالك المناسك بقوله تعالى: { لِّكُلِّ أُمَّةٍ جَعَلْنَا مَنسَكاً هُمْ نَاسِكُوهُ } [الحج: 67] يشير إلى أن لكل فريق من الطلاب شرعةً هم واردوها ولكل قوم طريقة هم سالكوها، ومقاماهم سكانه، ومحلاهم قطانه، وربط كل جماعة بما أهلهم، وأوصل كل ذوي رتبة إلى ما جعله محلهم، فبساط التعبد موطوء بأقدام العابدين ومشاهد الاجتهاد معمورة بأصحاب الكفل من المجتهدين، ومجالس أصحاب المعارف مأنوسة بلوازم العارفين، ومنازل المحبين مأهولة بحضور الواجدين.  { فَلاَ يُنَازِعُنَّكَ فِي ٱلأَمْرِ } [الحج: 67] أي: إشهد تعارف الأقدار، واعمل بمواجب التكليف، وانته دون ما أذنت له من المناهي { وَٱدْعُ إِلَىٰ رَبِّكَ } [الحج: 67] الجميع من المقبولين والمردودين { إِنَّكَ لَعَلَىٰ هُدًى مُّسْتَقِيمٍ } [الحج: 67] في دعوتهم { وَإِن جَادَلُوكَ } [الحج: 68] بالتأني والإنكار والاعتراض { فَقُلِ ٱللَّهُ أَعْلَمُ بِمَا تَعْمَلُونَ } [الحج: 68] معي فيجازيكم وكلهم إلينا عندما راعوا من الجلال { ٱللَّهُ يَحْكُمُ بَيْنَكُمْ يَوْمَ ٱلْقِيَامَةِ فِيمَا كُنتُمْ فِيهِ تَخْتَلِفُونَ } [الحج: 69] أمَّا الأجانب فيقال لهم: [الإسراء: 14] وأمَّا الأولياء فقوم منهم يحاسبهم حساباً يسيراً، وصنف منهم يؤتون أجورهم بغير حساب، وأمَّا الأجانب فيقعدون [القمر: 55].
22,67,{ أَلَمْ تَرَ أَنَّ ٱللَّهَ سَخَّرَ لَكُم } [الحج: 65] أيها الطالبون الصادقون { مَّا فِي ٱلأَرْضِ } أي: أرض البشرية من الصفات الحيوانية والشيطانية { وَٱلْفُلْكَ } أي: فلك الواردات الغيبية { تَجْرِي فِي ٱلْبَحْرِ } بحر القلب { بِأَمْرِهِ } يعني: لو لم يكن أمره ما ورد وارد في القلب { وَيُمْسِكُ ٱلسَّمَآءَ } سماء القلب { أَن تَقَعَ عَلَى ٱلأَرْضِ } [الحج: 65] أرض النفس؛ يعني: أن يتصف بصفاتها { إِلاَّ بِإِذْنِهِ } [الحج: 65] أي: إلا بما أباحه الشرع ممَّا مسَّت إليه الحاجة الإنسانية مثل المأكول والمنكوح { إِنَّ ٱللَّهَ بِٱلنَّاسِ لَرَءُوفٌ رَّحِيمٌ } [الحج: 65] فيما أباح لهم من الأوصاف الحيوانية للحاجة الضرورية { وَهُوَ ٱلَّذِيۤ أَحْيَاكُمْ } [الحج: 66] بازدواج الروح إلى القالب { ثُمَّ يُمِيتُكُمْ } [الحج: 66] عن صفات البشرية { ثُمَّ يُحْيِيكُمْ } [الحج: 66] بنور الصفات الربانية. { إِنَّ ٱلإِنْسَانَ لَكَفُورٌ } [الحج: 66] بكفران هذه النعمة بألاَّ يعرف قدرها، ولا يؤدي حقوق شكرها.  ثم أخبر عن هم الأمم في مسالك المناسك بقوله تعالى: { لِّكُلِّ أُمَّةٍ جَعَلْنَا مَنسَكاً هُمْ نَاسِكُوهُ } [الحج: 67] يشير إلى أن لكل فريق من الطلاب شرعةً هم واردوها ولكل قوم طريقة هم سالكوها، ومقاماهم سكانه، ومحلاهم قطانه، وربط كل جماعة بما أهلهم، وأوصل كل ذوي رتبة إلى ما جعله محلهم، فبساط التعبد موطوء بأقدام العابدين ومشاهد الاجتهاد معمورة بأصحاب الكفل من المجتهدين، ومجالس أصحاب المعارف مأنوسة بلوازم العارفين، ومنازل المحبين مأهولة بحضور الواجدين.  { فَلاَ يُنَازِعُنَّكَ فِي ٱلأَمْرِ } [الحج: 67] أي: إشهد تعارف الأقدار، واعمل بمواجب التكليف، وانته دون ما أذنت له من المناهي { وَٱدْعُ إِلَىٰ رَبِّكَ } [الحج: 67] الجميع من المقبولين والمردودين { إِنَّكَ لَعَلَىٰ هُدًى مُّسْتَقِيمٍ } [الحج: 67] في دعوتهم { وَإِن جَادَلُوكَ } [الحج: 68] بالتأني والإنكار والاعتراض { فَقُلِ ٱللَّهُ أَعْلَمُ بِمَا تَعْمَلُونَ } [الحج: 68] معي فيجازيكم وكلهم إلينا عندما راعوا من الجلال { ٱللَّهُ يَحْكُمُ بَيْنَكُمْ يَوْمَ ٱلْقِيَامَةِ فِيمَا كُنتُمْ فِيهِ تَخْتَلِفُونَ } [الحج: 69] أمَّا الأجانب فيقال لهم: [الإسراء: 14] وأمَّا الأولياء فقوم منهم يحاسبهم حساباً يسيراً، وصنف منهم يؤتون أجورهم بغير حساب، وأمَّا الأجانب فيقعدون [القمر: 55].
22,68,{ أَلَمْ تَرَ أَنَّ ٱللَّهَ سَخَّرَ لَكُم } [الحج: 65] أيها الطالبون الصادقون { مَّا فِي ٱلأَرْضِ } أي: أرض البشرية من الصفات الحيوانية والشيطانية { وَٱلْفُلْكَ } أي: فلك الواردات الغيبية { تَجْرِي فِي ٱلْبَحْرِ } بحر القلب { بِأَمْرِهِ } يعني: لو لم يكن أمره ما ورد وارد في القلب { وَيُمْسِكُ ٱلسَّمَآءَ } سماء القلب { أَن تَقَعَ عَلَى ٱلأَرْضِ } [الحج: 65] أرض النفس؛ يعني: أن يتصف بصفاتها { إِلاَّ بِإِذْنِهِ } [الحج: 65] أي: إلا بما أباحه الشرع ممَّا مسَّت إليه الحاجة الإنسانية مثل المأكول والمنكوح { إِنَّ ٱللَّهَ بِٱلنَّاسِ لَرَءُوفٌ رَّحِيمٌ } [الحج: 65] فيما أباح لهم من الأوصاف الحيوانية للحاجة الضرورية { وَهُوَ ٱلَّذِيۤ أَحْيَاكُمْ } [الحج: 66] بازدواج الروح إلى القالب { ثُمَّ يُمِيتُكُمْ } [الحج: 66] عن صفات البشرية { ثُمَّ يُحْيِيكُمْ } [الحج: 66] بنور الصفات الربانية. { إِنَّ ٱلإِنْسَانَ لَكَفُورٌ } [الحج: 66] بكفران هذه النعمة بألاَّ يعرف قدرها، ولا يؤدي حقوق شكرها.  ثم أخبر عن هم الأمم في مسالك المناسك بقوله تعالى: { لِّكُلِّ أُمَّةٍ جَعَلْنَا مَنسَكاً هُمْ نَاسِكُوهُ } [الحج: 67] يشير إلى أن لكل فريق من الطلاب شرعةً هم واردوها ولكل قوم طريقة هم سالكوها، ومقاماهم سكانه، ومحلاهم قطانه، وربط كل جماعة بما أهلهم، وأوصل كل ذوي رتبة إلى ما جعله محلهم، فبساط التعبد موطوء بأقدام العابدين ومشاهد الاجتهاد معمورة بأصحاب الكفل من المجتهدين، ومجالس أصحاب المعارف مأنوسة بلوازم العارفين، ومنازل المحبين مأهولة بحضور الواجدين.  { فَلاَ يُنَازِعُنَّكَ فِي ٱلأَمْرِ } [الحج: 67] أي: إشهد تعارف الأقدار، واعمل بمواجب التكليف، وانته دون ما أذنت له من المناهي { وَٱدْعُ إِلَىٰ رَبِّكَ } [الحج: 67] الجميع من المقبولين والمردودين { إِنَّكَ لَعَلَىٰ هُدًى مُّسْتَقِيمٍ } [الحج: 67] في دعوتهم { وَإِن جَادَلُوكَ } [الحج: 68] بالتأني والإنكار والاعتراض { فَقُلِ ٱللَّهُ أَعْلَمُ بِمَا تَعْمَلُونَ } [الحج: 68] معي فيجازيكم وكلهم إلينا عندما راعوا من الجلال { ٱللَّهُ يَحْكُمُ بَيْنَكُمْ يَوْمَ ٱلْقِيَامَةِ فِيمَا كُنتُمْ فِيهِ تَخْتَلِفُونَ } [الحج: 69] أمَّا الأجانب فيقال لهم: [الإسراء: 14] وأمَّا الأولياء فقوم منهم يحاسبهم حساباً يسيراً، وصنف منهم يؤتون أجورهم بغير حساب، وأمَّا الأجانب فيقعدون [القمر: 55].
22,69,{ أَلَمْ تَرَ أَنَّ ٱللَّهَ سَخَّرَ لَكُم } [الحج: 65] أيها الطالبون الصادقون { مَّا فِي ٱلأَرْضِ } أي: أرض البشرية من الصفات الحيوانية والشيطانية { وَٱلْفُلْكَ } أي: فلك الواردات الغيبية { تَجْرِي فِي ٱلْبَحْرِ } بحر القلب { بِأَمْرِهِ } يعني: لو لم يكن أمره ما ورد وارد في القلب { وَيُمْسِكُ ٱلسَّمَآءَ } سماء القلب { أَن تَقَعَ عَلَى ٱلأَرْضِ } [الحج: 65] أرض النفس؛ يعني: أن يتصف بصفاتها { إِلاَّ بِإِذْنِهِ } [الحج: 65] أي: إلا بما أباحه الشرع ممَّا مسَّت إليه الحاجة الإنسانية مثل المأكول والمنكوح { إِنَّ ٱللَّهَ بِٱلنَّاسِ لَرَءُوفٌ رَّحِيمٌ } [الحج: 65] فيما أباح لهم من الأوصاف الحيوانية للحاجة الضرورية { وَهُوَ ٱلَّذِيۤ أَحْيَاكُمْ } [الحج: 66] بازدواج الروح إلى القالب { ثُمَّ يُمِيتُكُمْ } [الحج: 66] عن صفات البشرية { ثُمَّ يُحْيِيكُمْ } [الحج: 66] بنور الصفات الربانية. { إِنَّ ٱلإِنْسَانَ لَكَفُورٌ } [الحج: 66] بكفران هذه النعمة بألاَّ يعرف قدرها، ولا يؤدي حقوق شكرها.  ثم أخبر عن هم الأمم في مسالك المناسك بقوله تعالى: { لِّكُلِّ أُمَّةٍ جَعَلْنَا مَنسَكاً هُمْ نَاسِكُوهُ } [الحج: 67] يشير إلى أن لكل فريق من الطلاب شرعةً هم واردوها ولكل قوم طريقة هم سالكوها، ومقاماهم سكانه، ومحلاهم قطانه، وربط كل جماعة بما أهلهم، وأوصل كل ذوي رتبة إلى ما جعله محلهم، فبساط التعبد موطوء بأقدام العابدين ومشاهد الاجتهاد معمورة بأصحاب الكفل من المجتهدين، ومجالس أصحاب المعارف مأنوسة بلوازم العارفين، ومنازل المحبين مأهولة بحضور الواجدين.  { فَلاَ يُنَازِعُنَّكَ فِي ٱلأَمْرِ } [الحج: 67] أي: إشهد تعارف الأقدار، واعمل بمواجب التكليف، وانته دون ما أذنت له من المناهي { وَٱدْعُ إِلَىٰ رَبِّكَ } [الحج: 67] الجميع من المقبولين والمردودين { إِنَّكَ لَعَلَىٰ هُدًى مُّسْتَقِيمٍ } [الحج: 67] في دعوتهم { وَإِن جَادَلُوكَ } [الحج: 68] بالتأني والإنكار والاعتراض { فَقُلِ ٱللَّهُ أَعْلَمُ بِمَا تَعْمَلُونَ } [الحج: 68] معي فيجازيكم وكلهم إلينا عندما راعوا من الجلال { ٱللَّهُ يَحْكُمُ بَيْنَكُمْ يَوْمَ ٱلْقِيَامَةِ فِيمَا كُنتُمْ فِيهِ تَخْتَلِفُونَ } [الحج: 69] أمَّا الأجانب فيقال لهم: [الإسراء: 14] وأمَّا الأولياء فقوم منهم يحاسبهم حساباً يسيراً، وصنف منهم يؤتون أجورهم بغير حساب، وأمَّا الأجانب فيقعدون [القمر: 55].
22,70,{ أَلَمْ تَعْلَمْ أَنَّ ٱللَّهَ يَعْلَمُ مَا فِي ٱلسَّمَآءِ } [الحج: 70] أي: ما في سماء القلب من اليقين والصدق والإخلاص والمحبة { وَٱلأَرْضِ } [الحج: 70] أرض البشرية، والنفس الأمَّارة من الشك والكذب والشرك وحرص الدنيا؛ فيزيل عن أرباب القلوب البلوى، ويكمل لهم النعماء، وينزل بأرباب النفوس البلوى، ولا يسمع منهم الشكوى { إِنَّ ذٰلِكَ فِي كِتَابٍ } [الحج: 70] مكتوب بقلم التقدير في القدم { إِنَّ ذٰلِكَ عَلَى ٱللَّهِ يَسِيرٌ } [الحج: 70] أي: مجازاتهم على وفق التقدير سهل على الله.  { وَيَعْبُدُونَ مِن دُونِ ٱللَّهِ مَا لَمْ يُنَزِّلْ بِهِ سُلْطَاناً وَمَا لَيْسَ لَهُمْ بِهِ عِلْمٌ } [الحج: 71] يشير إلى أن من كان من جملة خواصه أفرده ببرهان، وأيده ببيان، وأعزه بسلطان، ولأهل الخذلان لا بسلطان فيما عبدوه من أصناف الأوثان، ولا برهان على ما طلبوه { وَمَا لِلظَّالِمِينَ مِن نَّصِيرٍ } [الحج: 71] أي: نصرة من الله تعالى بل خذلان { وَإِذَا تُتْلَىٰ عَلَيْهِمْ آيَاتُنَا بَيِّنَاتٍ } [الحج: 72] من المعارف والحقائق { تَعْرِفُ فِي وُجُوهِ ٱلَّذِينَ كَفَرُواْ ٱلْمُنْكَرَ } [الحج: 72] أي: في وجوه المنكرين آثار إنكارهم، فإن وحشة ما يخامر في السرائر يلوح على الأسرة في الظاهر { قُلْ أَفَأُنَبِّئُكُم بِشَرٍّ مِّن ذٰلِكُمُ } [الحج: 72] أي: بشر مما في قلوبكم من الإنكار { ٱلنَّارُ } [الحج: 72] وهي نار القطيعة والطرد الإبعاد { وَعَدَهَا ٱللَّهُ ٱلَّذِينَ كَفَرُواْ } [الحج: 72] أي: أنكروا { وَبِئْسَ ٱلْمَصِيرُ } [الحج: 72] أي: المرجع والمآب.  ثم أخبر عن مثل الذباب لأولي الألباب بقوله تعالى: { يٰأَيُّهَا ٱلنَّاسُ ضُرِبَ مَثَلٌ فَٱسْتَمِعُواْ } [الحج: 73] يشير إلى أن أهل النسيان في غفلة عن حقيقة الأمر بالعيان، فلا بدَّ من ضرب مثل؛ لعلهم ينتهون عن نومة الغفلة، فالخطاب للناس عهد الميثاق عام، وللمستمعين المستعدين؛ لإدراك فهم الخطاب ويتعظوا به.  ثم بيَّن المعنى فقال: { إِنَّ ٱلَّذِينَ تَدْعُونَ مِن دُونِ ٱللَّهِ } [الحج: 73] آلهة، ويعبدون من أنواع الأصنام الظاهرة والباطنة { لَن يَخْلُقُواْ ذُبَاباً } [الحج: 73] بل لا يطلعوا على كيفية خلق الذباب { وَلَوِ ٱجْتَمَعُواْ لَهُ } [الحج: 73] أي: لذلك { وَإِن يَسْلُبْهُمُ ٱلذُّبَابُ } [الحج: 73] من الخواطر النفسانية والشيطانية { شَيْئاً } [الحج: 73] من صفات الوقت وجمعية القلب { لاَّ يَسْتَنقِذُوهُ } [الحج: 73] ليس في وسعهم استنقاؤه واستخلاصه منه من ذباب هواجس النفس ووساوس الشيطان { ضَعُفَ ٱلطَّالِبُ } [الحج: 73] وهو القلب إذ لم يكن مؤيداً بنور الإيمان { وَٱلْمَطْلُوبُ } [الحج: 73] وهو النفس والشيطان، ومن كان بهذه الصفة فساء المثل مثلهم، فإنهم { مَا قَدَرُواْ ٱللَّهَ حَقَّ قَدْرِهِ } [الحج: 74] أي: ما عرفوه حق معرفته؛ إذ عبدوا غيره ولم يتخلقوا بأخلاقه إذ هم مستعدون لذلك، مختصون لهذه الكرامة من الهدية كلها؛ ليكونوا خير البرية فصاروا شر البرية. { إِنَّ ٱللَّهَ لَقَوِيٌّ } [الحج: 74] على أن ينعم عليهم بنعمة هذه الكرامة لو رجعوا إليه وتركوا غيره { عَزِيزٌ } [الحج: 74] يعز من يشاء بنيل هذه الكرامة فيصطفي؛ أي: هو { ٱللَّهُ } [الحج: 74] الذي { يَصْطَفِي مِنَ ٱلْمَلاَئِكَةِ رُسُلاً } [الحج: 75] بينه وبين العباد، لتربيتهم لأداء الرسالة إذ لم يكونوا بعد مستأهلين لسماع الخطب بلا واسطة فيربيهم بواسطة رسالة الملائكة { وَمِنَ ٱلنَّاسِ } [الحج: 75] يعني: برسالة الأنبياء { إِنَّ ٱللَّهَ سَمِيعٌ } [الحج: 75] يسمع ضراعتهم في احتياج الوجود وهم في العدم { بَصِيرٌ } [الحج: 75] بمن يستحق وهو معدوم.  { يَعْلَمُ مَا بَيْنَ أَيْدِيهِمْ وَمَا خَلْفَهُمْ } [الحج: 76] من قبول الدعوة وردها وما خلف الأنبياء يوم يسألهم ما أراد أجبتم { وَإِلَى ٱللَّهِ تُرْجَعُ ٱلأُمُورُ } [الحج: 76] من ابتداء إنشائها وانتهاء انقضائها.
22,71,{ أَلَمْ تَعْلَمْ أَنَّ ٱللَّهَ يَعْلَمُ مَا فِي ٱلسَّمَآءِ } [الحج: 70] أي: ما في سماء القلب من اليقين والصدق والإخلاص والمحبة { وَٱلأَرْضِ } [الحج: 70] أرض البشرية، والنفس الأمَّارة من الشك والكذب والشرك وحرص الدنيا؛ فيزيل عن أرباب القلوب البلوى، ويكمل لهم النعماء، وينزل بأرباب النفوس البلوى، ولا يسمع منهم الشكوى { إِنَّ ذٰلِكَ فِي كِتَابٍ } [الحج: 70] مكتوب بقلم التقدير في القدم { إِنَّ ذٰلِكَ عَلَى ٱللَّهِ يَسِيرٌ } [الحج: 70] أي: مجازاتهم على وفق التقدير سهل على الله.  { وَيَعْبُدُونَ مِن دُونِ ٱللَّهِ مَا لَمْ يُنَزِّلْ بِهِ سُلْطَاناً وَمَا لَيْسَ لَهُمْ بِهِ عِلْمٌ } [الحج: 71] يشير إلى أن من كان من جملة خواصه أفرده ببرهان، وأيده ببيان، وأعزه بسلطان، ولأهل الخذلان لا بسلطان فيما عبدوه من أصناف الأوثان، ولا برهان على ما طلبوه { وَمَا لِلظَّالِمِينَ مِن نَّصِيرٍ } [الحج: 71] أي: نصرة من الله تعالى بل خذلان { وَإِذَا تُتْلَىٰ عَلَيْهِمْ آيَاتُنَا بَيِّنَاتٍ } [الحج: 72] من المعارف والحقائق { تَعْرِفُ فِي وُجُوهِ ٱلَّذِينَ كَفَرُواْ ٱلْمُنْكَرَ } [الحج: 72] أي: في وجوه المنكرين آثار إنكارهم، فإن وحشة ما يخامر في السرائر يلوح على الأسرة في الظاهر { قُلْ أَفَأُنَبِّئُكُم بِشَرٍّ مِّن ذٰلِكُمُ } [الحج: 72] أي: بشر مما في قلوبكم من الإنكار { ٱلنَّارُ } [الحج: 72] وهي نار القطيعة والطرد الإبعاد { وَعَدَهَا ٱللَّهُ ٱلَّذِينَ كَفَرُواْ } [الحج: 72] أي: أنكروا { وَبِئْسَ ٱلْمَصِيرُ } [الحج: 72] أي: المرجع والمآب.  ثم أخبر عن مثل الذباب لأولي الألباب بقوله تعالى: { يٰأَيُّهَا ٱلنَّاسُ ضُرِبَ مَثَلٌ فَٱسْتَمِعُواْ } [الحج: 73] يشير إلى أن أهل النسيان في غفلة عن حقيقة الأمر بالعيان، فلا بدَّ من ضرب مثل؛ لعلهم ينتهون عن نومة الغفلة، فالخطاب للناس عهد الميثاق عام، وللمستمعين المستعدين؛ لإدراك فهم الخطاب ويتعظوا به.  ثم بيَّن المعنى فقال: { إِنَّ ٱلَّذِينَ تَدْعُونَ مِن دُونِ ٱللَّهِ } [الحج: 73] آلهة، ويعبدون من أنواع الأصنام الظاهرة والباطنة { لَن يَخْلُقُواْ ذُبَاباً } [الحج: 73] بل لا يطلعوا على كيفية خلق الذباب { وَلَوِ ٱجْتَمَعُواْ لَهُ } [الحج: 73] أي: لذلك { وَإِن يَسْلُبْهُمُ ٱلذُّبَابُ } [الحج: 73] من الخواطر النفسانية والشيطانية { شَيْئاً } [الحج: 73] من صفات الوقت وجمعية القلب { لاَّ يَسْتَنقِذُوهُ } [الحج: 73] ليس في وسعهم استنقاؤه واستخلاصه منه من ذباب هواجس النفس ووساوس الشيطان { ضَعُفَ ٱلطَّالِبُ } [الحج: 73] وهو القلب إذ لم يكن مؤيداً بنور الإيمان { وَٱلْمَطْلُوبُ } [الحج: 73] وهو النفس والشيطان، ومن كان بهذه الصفة فساء المثل مثلهم، فإنهم { مَا قَدَرُواْ ٱللَّهَ حَقَّ قَدْرِهِ } [الحج: 74] أي: ما عرفوه حق معرفته؛ إذ عبدوا غيره ولم يتخلقوا بأخلاقه إذ هم مستعدون لذلك، مختصون لهذه الكرامة من الهدية كلها؛ ليكونوا خير البرية فصاروا شر البرية. { إِنَّ ٱللَّهَ لَقَوِيٌّ } [الحج: 74] على أن ينعم عليهم بنعمة هذه الكرامة لو رجعوا إليه وتركوا غيره { عَزِيزٌ } [الحج: 74] يعز من يشاء بنيل هذه الكرامة فيصطفي؛ أي: هو { ٱللَّهُ } [الحج: 74] الذي { يَصْطَفِي مِنَ ٱلْمَلاَئِكَةِ رُسُلاً } [الحج: 75] بينه وبين العباد، لتربيتهم لأداء الرسالة إذ لم يكونوا بعد مستأهلين لسماع الخطب بلا واسطة فيربيهم بواسطة رسالة الملائكة { وَمِنَ ٱلنَّاسِ } [الحج: 75] يعني: برسالة الأنبياء { إِنَّ ٱللَّهَ سَمِيعٌ } [الحج: 75] يسمع ضراعتهم في احتياج الوجود وهم في العدم { بَصِيرٌ } [الحج: 75] بمن يستحق وهو معدوم.  { يَعْلَمُ مَا بَيْنَ أَيْدِيهِمْ وَمَا خَلْفَهُمْ } [الحج: 76] من قبول الدعوة وردها وما خلف الأنبياء يوم يسألهم ما أراد أجبتم { وَإِلَى ٱللَّهِ تُرْجَعُ ٱلأُمُورُ } [الحج: 76] من ابتداء إنشائها وانتهاء انقضائها.
22,72,{ أَلَمْ تَعْلَمْ أَنَّ ٱللَّهَ يَعْلَمُ مَا فِي ٱلسَّمَآءِ } [الحج: 70] أي: ما في سماء القلب من اليقين والصدق والإخلاص والمحبة { وَٱلأَرْضِ } [الحج: 70] أرض البشرية، والنفس الأمَّارة من الشك والكذب والشرك وحرص الدنيا؛ فيزيل عن أرباب القلوب البلوى، ويكمل لهم النعماء، وينزل بأرباب النفوس البلوى، ولا يسمع منهم الشكوى { إِنَّ ذٰلِكَ فِي كِتَابٍ } [الحج: 70] مكتوب بقلم التقدير في القدم { إِنَّ ذٰلِكَ عَلَى ٱللَّهِ يَسِيرٌ } [الحج: 70] أي: مجازاتهم على وفق التقدير سهل على الله.  { وَيَعْبُدُونَ مِن دُونِ ٱللَّهِ مَا لَمْ يُنَزِّلْ بِهِ سُلْطَاناً وَمَا لَيْسَ لَهُمْ بِهِ عِلْمٌ } [الحج: 71] يشير إلى أن من كان من جملة خواصه أفرده ببرهان، وأيده ببيان، وأعزه بسلطان، ولأهل الخذلان لا بسلطان فيما عبدوه من أصناف الأوثان، ولا برهان على ما طلبوه { وَمَا لِلظَّالِمِينَ مِن نَّصِيرٍ } [الحج: 71] أي: نصرة من الله تعالى بل خذلان { وَإِذَا تُتْلَىٰ عَلَيْهِمْ آيَاتُنَا بَيِّنَاتٍ } [الحج: 72] من المعارف والحقائق { تَعْرِفُ فِي وُجُوهِ ٱلَّذِينَ كَفَرُواْ ٱلْمُنْكَرَ } [الحج: 72] أي: في وجوه المنكرين آثار إنكارهم، فإن وحشة ما يخامر في السرائر يلوح على الأسرة في الظاهر { قُلْ أَفَأُنَبِّئُكُم بِشَرٍّ مِّن ذٰلِكُمُ } [الحج: 72] أي: بشر مما في قلوبكم من الإنكار { ٱلنَّارُ } [الحج: 72] وهي نار القطيعة والطرد الإبعاد { وَعَدَهَا ٱللَّهُ ٱلَّذِينَ كَفَرُواْ } [الحج: 72] أي: أنكروا { وَبِئْسَ ٱلْمَصِيرُ } [الحج: 72] أي: المرجع والمآب.  ثم أخبر عن مثل الذباب لأولي الألباب بقوله تعالى: { يٰأَيُّهَا ٱلنَّاسُ ضُرِبَ مَثَلٌ فَٱسْتَمِعُواْ } [الحج: 73] يشير إلى أن أهل النسيان في غفلة عن حقيقة الأمر بالعيان، فلا بدَّ من ضرب مثل؛ لعلهم ينتهون عن نومة الغفلة، فالخطاب للناس عهد الميثاق عام، وللمستمعين المستعدين؛ لإدراك فهم الخطاب ويتعظوا به.  ثم بيَّن المعنى فقال: { إِنَّ ٱلَّذِينَ تَدْعُونَ مِن دُونِ ٱللَّهِ } [الحج: 73] آلهة، ويعبدون من أنواع الأصنام الظاهرة والباطنة { لَن يَخْلُقُواْ ذُبَاباً } [الحج: 73] بل لا يطلعوا على كيفية خلق الذباب { وَلَوِ ٱجْتَمَعُواْ لَهُ } [الحج: 73] أي: لذلك { وَإِن يَسْلُبْهُمُ ٱلذُّبَابُ } [الحج: 73] من الخواطر النفسانية والشيطانية { شَيْئاً } [الحج: 73] من صفات الوقت وجمعية القلب { لاَّ يَسْتَنقِذُوهُ } [الحج: 73] ليس في وسعهم استنقاؤه واستخلاصه منه من ذباب هواجس النفس ووساوس الشيطان { ضَعُفَ ٱلطَّالِبُ } [الحج: 73] وهو القلب إذ لم يكن مؤيداً بنور الإيمان { وَٱلْمَطْلُوبُ } [الحج: 73] وهو النفس والشيطان، ومن كان بهذه الصفة فساء المثل مثلهم، فإنهم { مَا قَدَرُواْ ٱللَّهَ حَقَّ قَدْرِهِ } [الحج: 74] أي: ما عرفوه حق معرفته؛ إذ عبدوا غيره ولم يتخلقوا بأخلاقه إذ هم مستعدون لذلك، مختصون لهذه الكرامة من الهدية كلها؛ ليكونوا خير البرية فصاروا شر البرية. { إِنَّ ٱللَّهَ لَقَوِيٌّ } [الحج: 74] على أن ينعم عليهم بنعمة هذه الكرامة لو رجعوا إليه وتركوا غيره { عَزِيزٌ } [الحج: 74] يعز من يشاء بنيل هذه الكرامة فيصطفي؛ أي: هو { ٱللَّهُ } [الحج: 74] الذي { يَصْطَفِي مِنَ ٱلْمَلاَئِكَةِ رُسُلاً } [الحج: 75] بينه وبين العباد، لتربيتهم لأداء الرسالة إذ لم يكونوا بعد مستأهلين لسماع الخطب بلا واسطة فيربيهم بواسطة رسالة الملائكة { وَمِنَ ٱلنَّاسِ } [الحج: 75] يعني: برسالة الأنبياء { إِنَّ ٱللَّهَ سَمِيعٌ } [الحج: 75] يسمع ضراعتهم في احتياج الوجود وهم في العدم { بَصِيرٌ } [الحج: 75] بمن يستحق وهو معدوم.  { يَعْلَمُ مَا بَيْنَ أَيْدِيهِمْ وَمَا خَلْفَهُمْ } [الحج: 76] من قبول الدعوة وردها وما خلف الأنبياء يوم يسألهم ما أراد أجبتم { وَإِلَى ٱللَّهِ تُرْجَعُ ٱلأُمُورُ } [الحج: 76] من ابتداء إنشائها وانتهاء انقضائها.
22,73,{ أَلَمْ تَعْلَمْ أَنَّ ٱللَّهَ يَعْلَمُ مَا فِي ٱلسَّمَآءِ } [الحج: 70] أي: ما في سماء القلب من اليقين والصدق والإخلاص والمحبة { وَٱلأَرْضِ } [الحج: 70] أرض البشرية، والنفس الأمَّارة من الشك والكذب والشرك وحرص الدنيا؛ فيزيل عن أرباب القلوب البلوى، ويكمل لهم النعماء، وينزل بأرباب النفوس البلوى، ولا يسمع منهم الشكوى { إِنَّ ذٰلِكَ فِي كِتَابٍ } [الحج: 70] مكتوب بقلم التقدير في القدم { إِنَّ ذٰلِكَ عَلَى ٱللَّهِ يَسِيرٌ } [الحج: 70] أي: مجازاتهم على وفق التقدير سهل على الله.  { وَيَعْبُدُونَ مِن دُونِ ٱللَّهِ مَا لَمْ يُنَزِّلْ بِهِ سُلْطَاناً وَمَا لَيْسَ لَهُمْ بِهِ عِلْمٌ } [الحج: 71] يشير إلى أن من كان من جملة خواصه أفرده ببرهان، وأيده ببيان، وأعزه بسلطان، ولأهل الخذلان لا بسلطان فيما عبدوه من أصناف الأوثان، ولا برهان على ما طلبوه { وَمَا لِلظَّالِمِينَ مِن نَّصِيرٍ } [الحج: 71] أي: نصرة من الله تعالى بل خذلان { وَإِذَا تُتْلَىٰ عَلَيْهِمْ آيَاتُنَا بَيِّنَاتٍ } [الحج: 72] من المعارف والحقائق { تَعْرِفُ فِي وُجُوهِ ٱلَّذِينَ كَفَرُواْ ٱلْمُنْكَرَ } [الحج: 72] أي: في وجوه المنكرين آثار إنكارهم، فإن وحشة ما يخامر في السرائر يلوح على الأسرة في الظاهر { قُلْ أَفَأُنَبِّئُكُم بِشَرٍّ مِّن ذٰلِكُمُ } [الحج: 72] أي: بشر مما في قلوبكم من الإنكار { ٱلنَّارُ } [الحج: 72] وهي نار القطيعة والطرد الإبعاد { وَعَدَهَا ٱللَّهُ ٱلَّذِينَ كَفَرُواْ } [الحج: 72] أي: أنكروا { وَبِئْسَ ٱلْمَصِيرُ } [الحج: 72] أي: المرجع والمآب.  ثم أخبر عن مثل الذباب لأولي الألباب بقوله تعالى: { يٰأَيُّهَا ٱلنَّاسُ ضُرِبَ مَثَلٌ فَٱسْتَمِعُواْ } [الحج: 73] يشير إلى أن أهل النسيان في غفلة عن حقيقة الأمر بالعيان، فلا بدَّ من ضرب مثل؛ لعلهم ينتهون عن نومة الغفلة، فالخطاب للناس عهد الميثاق عام، وللمستمعين المستعدين؛ لإدراك فهم الخطاب ويتعظوا به.  ثم بيَّن المعنى فقال: { إِنَّ ٱلَّذِينَ تَدْعُونَ مِن دُونِ ٱللَّهِ } [الحج: 73] آلهة، ويعبدون من أنواع الأصنام الظاهرة والباطنة { لَن يَخْلُقُواْ ذُبَاباً } [الحج: 73] بل لا يطلعوا على كيفية خلق الذباب { وَلَوِ ٱجْتَمَعُواْ لَهُ } [الحج: 73] أي: لذلك { وَإِن يَسْلُبْهُمُ ٱلذُّبَابُ } [الحج: 73] من الخواطر النفسانية والشيطانية { شَيْئاً } [الحج: 73] من صفات الوقت وجمعية القلب { لاَّ يَسْتَنقِذُوهُ } [الحج: 73] ليس في وسعهم استنقاؤه واستخلاصه منه من ذباب هواجس النفس ووساوس الشيطان { ضَعُفَ ٱلطَّالِبُ } [الحج: 73] وهو القلب إذ لم يكن مؤيداً بنور الإيمان { وَٱلْمَطْلُوبُ } [الحج: 73] وهو النفس والشيطان، ومن كان بهذه الصفة فساء المثل مثلهم، فإنهم { مَا قَدَرُواْ ٱللَّهَ حَقَّ قَدْرِهِ } [الحج: 74] أي: ما عرفوه حق معرفته؛ إذ عبدوا غيره ولم يتخلقوا بأخلاقه إذ هم مستعدون لذلك، مختصون لهذه الكرامة من الهدية كلها؛ ليكونوا خير البرية فصاروا شر البرية. { إِنَّ ٱللَّهَ لَقَوِيٌّ } [الحج: 74] على أن ينعم عليهم بنعمة هذه الكرامة لو رجعوا إليه وتركوا غيره { عَزِيزٌ } [الحج: 74] يعز من يشاء بنيل هذه الكرامة فيصطفي؛ أي: هو { ٱللَّهُ } [الحج: 74] الذي { يَصْطَفِي مِنَ ٱلْمَلاَئِكَةِ رُسُلاً } [الحج: 75] بينه وبين العباد، لتربيتهم لأداء الرسالة إذ لم يكونوا بعد مستأهلين لسماع الخطب بلا واسطة فيربيهم بواسطة رسالة الملائكة { وَمِنَ ٱلنَّاسِ } [الحج: 75] يعني: برسالة الأنبياء { إِنَّ ٱللَّهَ سَمِيعٌ } [الحج: 75] يسمع ضراعتهم في احتياج الوجود وهم في العدم { بَصِيرٌ } [الحج: 75] بمن يستحق وهو معدوم.  { يَعْلَمُ مَا بَيْنَ أَيْدِيهِمْ وَمَا خَلْفَهُمْ } [الحج: 76] من قبول الدعوة وردها وما خلف الأنبياء يوم يسألهم ما أراد أجبتم { وَإِلَى ٱللَّهِ تُرْجَعُ ٱلأُمُورُ } [الحج: 76] من ابتداء إنشائها وانتهاء انقضائها.
22,74,{ أَلَمْ تَعْلَمْ أَنَّ ٱللَّهَ يَعْلَمُ مَا فِي ٱلسَّمَآءِ } [الحج: 70] أي: ما في سماء القلب من اليقين والصدق والإخلاص والمحبة { وَٱلأَرْضِ } [الحج: 70] أرض البشرية، والنفس الأمَّارة من الشك والكذب والشرك وحرص الدنيا؛ فيزيل عن أرباب القلوب البلوى، ويكمل لهم النعماء، وينزل بأرباب النفوس البلوى، ولا يسمع منهم الشكوى { إِنَّ ذٰلِكَ فِي كِتَابٍ } [الحج: 70] مكتوب بقلم التقدير في القدم { إِنَّ ذٰلِكَ عَلَى ٱللَّهِ يَسِيرٌ } [الحج: 70] أي: مجازاتهم على وفق التقدير سهل على الله.  { وَيَعْبُدُونَ مِن دُونِ ٱللَّهِ مَا لَمْ يُنَزِّلْ بِهِ سُلْطَاناً وَمَا لَيْسَ لَهُمْ بِهِ عِلْمٌ } [الحج: 71] يشير إلى أن من كان من جملة خواصه أفرده ببرهان، وأيده ببيان، وأعزه بسلطان، ولأهل الخذلان لا بسلطان فيما عبدوه من أصناف الأوثان، ولا برهان على ما طلبوه { وَمَا لِلظَّالِمِينَ مِن نَّصِيرٍ } [الحج: 71] أي: نصرة من الله تعالى بل خذلان { وَإِذَا تُتْلَىٰ عَلَيْهِمْ آيَاتُنَا بَيِّنَاتٍ } [الحج: 72] من المعارف والحقائق { تَعْرِفُ فِي وُجُوهِ ٱلَّذِينَ كَفَرُواْ ٱلْمُنْكَرَ } [الحج: 72] أي: في وجوه المنكرين آثار إنكارهم، فإن وحشة ما يخامر في السرائر يلوح على الأسرة في الظاهر { قُلْ أَفَأُنَبِّئُكُم بِشَرٍّ مِّن ذٰلِكُمُ } [الحج: 72] أي: بشر مما في قلوبكم من الإنكار { ٱلنَّارُ } [الحج: 72] وهي نار القطيعة والطرد الإبعاد { وَعَدَهَا ٱللَّهُ ٱلَّذِينَ كَفَرُواْ } [الحج: 72] أي: أنكروا { وَبِئْسَ ٱلْمَصِيرُ } [الحج: 72] أي: المرجع والمآب.  ثم أخبر عن مثل الذباب لأولي الألباب بقوله تعالى: { يٰأَيُّهَا ٱلنَّاسُ ضُرِبَ مَثَلٌ فَٱسْتَمِعُواْ } [الحج: 73] يشير إلى أن أهل النسيان في غفلة عن حقيقة الأمر بالعيان، فلا بدَّ من ضرب مثل؛ لعلهم ينتهون عن نومة الغفلة، فالخطاب للناس عهد الميثاق عام، وللمستمعين المستعدين؛ لإدراك فهم الخطاب ويتعظوا به.  ثم بيَّن المعنى فقال: { إِنَّ ٱلَّذِينَ تَدْعُونَ مِن دُونِ ٱللَّهِ } [الحج: 73] آلهة، ويعبدون من أنواع الأصنام الظاهرة والباطنة { لَن يَخْلُقُواْ ذُبَاباً } [الحج: 73] بل لا يطلعوا على كيفية خلق الذباب { وَلَوِ ٱجْتَمَعُواْ لَهُ } [الحج: 73] أي: لذلك { وَإِن يَسْلُبْهُمُ ٱلذُّبَابُ } [الحج: 73] من الخواطر النفسانية والشيطانية { شَيْئاً } [الحج: 73] من صفات الوقت وجمعية القلب { لاَّ يَسْتَنقِذُوهُ } [الحج: 73] ليس في وسعهم استنقاؤه واستخلاصه منه من ذباب هواجس النفس ووساوس الشيطان { ضَعُفَ ٱلطَّالِبُ } [الحج: 73] وهو القلب إذ لم يكن مؤيداً بنور الإيمان { وَٱلْمَطْلُوبُ } [الحج: 73] وهو النفس والشيطان، ومن كان بهذه الصفة فساء المثل مثلهم، فإنهم { مَا قَدَرُواْ ٱللَّهَ حَقَّ قَدْرِهِ } [الحج: 74] أي: ما عرفوه حق معرفته؛ إذ عبدوا غيره ولم يتخلقوا بأخلاقه إذ هم مستعدون لذلك، مختصون لهذه الكرامة من الهدية كلها؛ ليكونوا خير البرية فصاروا شر البرية. { إِنَّ ٱللَّهَ لَقَوِيٌّ } [الحج: 74] على أن ينعم عليهم بنعمة هذه الكرامة لو رجعوا إليه وتركوا غيره { عَزِيزٌ } [الحج: 74] يعز من يشاء بنيل هذه الكرامة فيصطفي؛ أي: هو { ٱللَّهُ } [الحج: 74] الذي { يَصْطَفِي مِنَ ٱلْمَلاَئِكَةِ رُسُلاً } [الحج: 75] بينه وبين العباد، لتربيتهم لأداء الرسالة إذ لم يكونوا بعد مستأهلين لسماع الخطب بلا واسطة فيربيهم بواسطة رسالة الملائكة { وَمِنَ ٱلنَّاسِ } [الحج: 75] يعني: برسالة الأنبياء { إِنَّ ٱللَّهَ سَمِيعٌ } [الحج: 75] يسمع ضراعتهم في احتياج الوجود وهم في العدم { بَصِيرٌ } [الحج: 75] بمن يستحق وهو معدوم.  { يَعْلَمُ مَا بَيْنَ أَيْدِيهِمْ وَمَا خَلْفَهُمْ } [الحج: 76] من قبول الدعوة وردها وما خلف الأنبياء يوم يسألهم ما أراد أجبتم { وَإِلَى ٱللَّهِ تُرْجَعُ ٱلأُمُورُ } [الحج: 76] من ابتداء إنشائها وانتهاء انقضائها.
22,75,{ أَلَمْ تَعْلَمْ أَنَّ ٱللَّهَ يَعْلَمُ مَا فِي ٱلسَّمَآءِ } [الحج: 70] أي: ما في سماء القلب من اليقين والصدق والإخلاص والمحبة { وَٱلأَرْضِ } [الحج: 70] أرض البشرية، والنفس الأمَّارة من الشك والكذب والشرك وحرص الدنيا؛ فيزيل عن أرباب القلوب البلوى، ويكمل لهم النعماء، وينزل بأرباب النفوس البلوى، ولا يسمع منهم الشكوى { إِنَّ ذٰلِكَ فِي كِتَابٍ } [الحج: 70] مكتوب بقلم التقدير في القدم { إِنَّ ذٰلِكَ عَلَى ٱللَّهِ يَسِيرٌ } [الحج: 70] أي: مجازاتهم على وفق التقدير سهل على الله.  { وَيَعْبُدُونَ مِن دُونِ ٱللَّهِ مَا لَمْ يُنَزِّلْ بِهِ سُلْطَاناً وَمَا لَيْسَ لَهُمْ بِهِ عِلْمٌ } [الحج: 71] يشير إلى أن من كان من جملة خواصه أفرده ببرهان، وأيده ببيان، وأعزه بسلطان، ولأهل الخذلان لا بسلطان فيما عبدوه من أصناف الأوثان، ولا برهان على ما طلبوه { وَمَا لِلظَّالِمِينَ مِن نَّصِيرٍ } [الحج: 71] أي: نصرة من الله تعالى بل خذلان { وَإِذَا تُتْلَىٰ عَلَيْهِمْ آيَاتُنَا بَيِّنَاتٍ } [الحج: 72] من المعارف والحقائق { تَعْرِفُ فِي وُجُوهِ ٱلَّذِينَ كَفَرُواْ ٱلْمُنْكَرَ } [الحج: 72] أي: في وجوه المنكرين آثار إنكارهم، فإن وحشة ما يخامر في السرائر يلوح على الأسرة في الظاهر { قُلْ أَفَأُنَبِّئُكُم بِشَرٍّ مِّن ذٰلِكُمُ } [الحج: 72] أي: بشر مما في قلوبكم من الإنكار { ٱلنَّارُ } [الحج: 72] وهي نار القطيعة والطرد الإبعاد { وَعَدَهَا ٱللَّهُ ٱلَّذِينَ كَفَرُواْ } [الحج: 72] أي: أنكروا { وَبِئْسَ ٱلْمَصِيرُ } [الحج: 72] أي: المرجع والمآب.  ثم أخبر عن مثل الذباب لأولي الألباب بقوله تعالى: { يٰأَيُّهَا ٱلنَّاسُ ضُرِبَ مَثَلٌ فَٱسْتَمِعُواْ } [الحج: 73] يشير إلى أن أهل النسيان في غفلة عن حقيقة الأمر بالعيان، فلا بدَّ من ضرب مثل؛ لعلهم ينتهون عن نومة الغفلة، فالخطاب للناس عهد الميثاق عام، وللمستمعين المستعدين؛ لإدراك فهم الخطاب ويتعظوا به.  ثم بيَّن المعنى فقال: { إِنَّ ٱلَّذِينَ تَدْعُونَ مِن دُونِ ٱللَّهِ } [الحج: 73] آلهة، ويعبدون من أنواع الأصنام الظاهرة والباطنة { لَن يَخْلُقُواْ ذُبَاباً } [الحج: 73] بل لا يطلعوا على كيفية خلق الذباب { وَلَوِ ٱجْتَمَعُواْ لَهُ } [الحج: 73] أي: لذلك { وَإِن يَسْلُبْهُمُ ٱلذُّبَابُ } [الحج: 73] من الخواطر النفسانية والشيطانية { شَيْئاً } [الحج: 73] من صفات الوقت وجمعية القلب { لاَّ يَسْتَنقِذُوهُ } [الحج: 73] ليس في وسعهم استنقاؤه واستخلاصه منه من ذباب هواجس النفس ووساوس الشيطان { ضَعُفَ ٱلطَّالِبُ } [الحج: 73] وهو القلب إذ لم يكن مؤيداً بنور الإيمان { وَٱلْمَطْلُوبُ } [الحج: 73] وهو النفس والشيطان، ومن كان بهذه الصفة فساء المثل مثلهم، فإنهم { مَا قَدَرُواْ ٱللَّهَ حَقَّ قَدْرِهِ } [الحج: 74] أي: ما عرفوه حق معرفته؛ إذ عبدوا غيره ولم يتخلقوا بأخلاقه إذ هم مستعدون لذلك، مختصون لهذه الكرامة من الهدية كلها؛ ليكونوا خير البرية فصاروا شر البرية. { إِنَّ ٱللَّهَ لَقَوِيٌّ } [الحج: 74] على أن ينعم عليهم بنعمة هذه الكرامة لو رجعوا إليه وتركوا غيره { عَزِيزٌ } [الحج: 74] يعز من يشاء بنيل هذه الكرامة فيصطفي؛ أي: هو { ٱللَّهُ } [الحج: 74] الذي { يَصْطَفِي مِنَ ٱلْمَلاَئِكَةِ رُسُلاً } [الحج: 75] بينه وبين العباد، لتربيتهم لأداء الرسالة إذ لم يكونوا بعد مستأهلين لسماع الخطب بلا واسطة فيربيهم بواسطة رسالة الملائكة { وَمِنَ ٱلنَّاسِ } [الحج: 75] يعني: برسالة الأنبياء { إِنَّ ٱللَّهَ سَمِيعٌ } [الحج: 75] يسمع ضراعتهم في احتياج الوجود وهم في العدم { بَصِيرٌ } [الحج: 75] بمن يستحق وهو معدوم.  { يَعْلَمُ مَا بَيْنَ أَيْدِيهِمْ وَمَا خَلْفَهُمْ } [الحج: 76] من قبول الدعوة وردها وما خلف الأنبياء يوم يسألهم ما أراد أجبتم { وَإِلَى ٱللَّهِ تُرْجَعُ ٱلأُمُورُ } [الحج: 76] من ابتداء إنشائها وانتهاء انقضائها.
22,76,{ أَلَمْ تَعْلَمْ أَنَّ ٱللَّهَ يَعْلَمُ مَا فِي ٱلسَّمَآءِ } [الحج: 70] أي: ما في سماء القلب من اليقين والصدق والإخلاص والمحبة { وَٱلأَرْضِ } [الحج: 70] أرض البشرية، والنفس الأمَّارة من الشك والكذب والشرك وحرص الدنيا؛ فيزيل عن أرباب القلوب البلوى، ويكمل لهم النعماء، وينزل بأرباب النفوس البلوى، ولا يسمع منهم الشكوى { إِنَّ ذٰلِكَ فِي كِتَابٍ } [الحج: 70] مكتوب بقلم التقدير في القدم { إِنَّ ذٰلِكَ عَلَى ٱللَّهِ يَسِيرٌ } [الحج: 70] أي: مجازاتهم على وفق التقدير سهل على الله.  { وَيَعْبُدُونَ مِن دُونِ ٱللَّهِ مَا لَمْ يُنَزِّلْ بِهِ سُلْطَاناً وَمَا لَيْسَ لَهُمْ بِهِ عِلْمٌ } [الحج: 71] يشير إلى أن من كان من جملة خواصه أفرده ببرهان، وأيده ببيان، وأعزه بسلطان، ولأهل الخذلان لا بسلطان فيما عبدوه من أصناف الأوثان، ولا برهان على ما طلبوه { وَمَا لِلظَّالِمِينَ مِن نَّصِيرٍ } [الحج: 71] أي: نصرة من الله تعالى بل خذلان { وَإِذَا تُتْلَىٰ عَلَيْهِمْ آيَاتُنَا بَيِّنَاتٍ } [الحج: 72] من المعارف والحقائق { تَعْرِفُ فِي وُجُوهِ ٱلَّذِينَ كَفَرُواْ ٱلْمُنْكَرَ } [الحج: 72] أي: في وجوه المنكرين آثار إنكارهم، فإن وحشة ما يخامر في السرائر يلوح على الأسرة في الظاهر { قُلْ أَفَأُنَبِّئُكُم بِشَرٍّ مِّن ذٰلِكُمُ } [الحج: 72] أي: بشر مما في قلوبكم من الإنكار { ٱلنَّارُ } [الحج: 72] وهي نار القطيعة والطرد الإبعاد { وَعَدَهَا ٱللَّهُ ٱلَّذِينَ كَفَرُواْ } [الحج: 72] أي: أنكروا { وَبِئْسَ ٱلْمَصِيرُ } [الحج: 72] أي: المرجع والمآب.  ثم أخبر عن مثل الذباب لأولي الألباب بقوله تعالى: { يٰأَيُّهَا ٱلنَّاسُ ضُرِبَ مَثَلٌ فَٱسْتَمِعُواْ } [الحج: 73] يشير إلى أن أهل النسيان في غفلة عن حقيقة الأمر بالعيان، فلا بدَّ من ضرب مثل؛ لعلهم ينتهون عن نومة الغفلة، فالخطاب للناس عهد الميثاق عام، وللمستمعين المستعدين؛ لإدراك فهم الخطاب ويتعظوا به.  ثم بيَّن المعنى فقال: { إِنَّ ٱلَّذِينَ تَدْعُونَ مِن دُونِ ٱللَّهِ } [الحج: 73] آلهة، ويعبدون من أنواع الأصنام الظاهرة والباطنة { لَن يَخْلُقُواْ ذُبَاباً } [الحج: 73] بل لا يطلعوا على كيفية خلق الذباب { وَلَوِ ٱجْتَمَعُواْ لَهُ } [الحج: 73] أي: لذلك { وَإِن يَسْلُبْهُمُ ٱلذُّبَابُ } [الحج: 73] من الخواطر النفسانية والشيطانية { شَيْئاً } [الحج: 73] من صفات الوقت وجمعية القلب { لاَّ يَسْتَنقِذُوهُ } [الحج: 73] ليس في وسعهم استنقاؤه واستخلاصه منه من ذباب هواجس النفس ووساوس الشيطان { ضَعُفَ ٱلطَّالِبُ } [الحج: 73] وهو القلب إذ لم يكن مؤيداً بنور الإيمان { وَٱلْمَطْلُوبُ } [الحج: 73] وهو النفس والشيطان، ومن كان بهذه الصفة فساء المثل مثلهم، فإنهم { مَا قَدَرُواْ ٱللَّهَ حَقَّ قَدْرِهِ } [الحج: 74] أي: ما عرفوه حق معرفته؛ إذ عبدوا غيره ولم يتخلقوا بأخلاقه إذ هم مستعدون لذلك، مختصون لهذه الكرامة من الهدية كلها؛ ليكونوا خير البرية فصاروا شر البرية. { إِنَّ ٱللَّهَ لَقَوِيٌّ } [الحج: 74] على أن ينعم عليهم بنعمة هذه الكرامة لو رجعوا إليه وتركوا غيره { عَزِيزٌ } [الحج: 74] يعز من يشاء بنيل هذه الكرامة فيصطفي؛ أي: هو { ٱللَّهُ } [الحج: 74] الذي { يَصْطَفِي مِنَ ٱلْمَلاَئِكَةِ رُسُلاً } [الحج: 75] بينه وبين العباد، لتربيتهم لأداء الرسالة إذ لم يكونوا بعد مستأهلين لسماع الخطب بلا واسطة فيربيهم بواسطة رسالة الملائكة { وَمِنَ ٱلنَّاسِ } [الحج: 75] يعني: برسالة الأنبياء { إِنَّ ٱللَّهَ سَمِيعٌ } [الحج: 75] يسمع ضراعتهم في احتياج الوجود وهم في العدم { بَصِيرٌ } [الحج: 75] بمن يستحق وهو معدوم.  { يَعْلَمُ مَا بَيْنَ أَيْدِيهِمْ وَمَا خَلْفَهُمْ } [الحج: 76] من قبول الدعوة وردها وما خلف الأنبياء يوم يسألهم ما أراد أجبتم { وَإِلَى ٱللَّهِ تُرْجَعُ ٱلأُمُورُ } [الحج: 76] من ابتداء إنشائها وانتهاء انقضائها.
22,77,"ثم أخبر عن نجاح أهل الفلاح بقوله تعالى: { يٰأَيُّهَا ٱلَّذِينَ آمَنُواْ ٱرْكَعُواْ وَٱسْجُدُواْ } [الحج: 77] يشير إلى: الرجوع من تكبير قيام الإنسانية إلى تواضع خضوع الحيوانية، فإنها على أربع في الركوع، والرجوع من الركوع إلى الانكسار، والذلة النباتية في السجود، فإن النبات ذليل في السجود؛ لقوله تعالى: [الرحمن: 6] لأن الروح كان مجيئه بهذه المنازل من عالم الأرواح عبر على كلّ المنزل النباتي، ثم على المنزل الحيواني إلى أن بلغ المنزل الإنساني، فعند رجوعه إلى الحضرة يكون عبوره على كل هذه المنازل، وهذا سر قوله صلى الله عليه وسلم "" الصلاة معراج المؤمن "".  ثم قال الله تعالى: { وَاعْبُدُواْ رَبَّكُمْ } يعني: بهذا الرجوع إليه؛ يعني: خالصاً لوجهه تعالى. { وَٱفْعَلُواْ ٱلْخَيْرَ } بالتوجه إلى الله تعالى في جميع أحوالكم وأعمال الخير كلها. { لَعَلَّكُمْ تُفْلِحُونَ } [الحج: 77] بالعبور على هذه المنازل من حجب الظلمات النفسانية والأنوار الروحانية { وَجَاهِدُوا فِي ٱللَّهِ حَقَّ جِهَادِهِ } [الحج: 78] بأن تجاهدوا النفوس في تزكيتها بأداء الحقوق وترك الحظوظ، وتجاهدوا القلوب في تصفيتها بقطع تعلقات الكونين، ولزوم المراقبات عن الملاحظات، وتجاهدوا بالأرواح في تحليتها بإفناء الوجود في وجوده؛ لتبقى بوجود وجوده.  { هُوَ ٱجْتَبَاكُمْ } [الحج: 78] لهذه الكرامات من بين سائر البريات، ولولا أنه اجتباكم واستعداد هذا الجهاد أعطاكم وأيد هداكم لمَّا جاهدكم في الله، كما قيل: فلولاكم ما عرفنا الهوى، ولولا الهوى ما عرفناكم، ومن مبادئ حق الجهاد: ألاَّ يفتر عن المجاهدة لحظة، كما قال قائلهم: يا رب إن جهادي غير منقطع، وكل أرضك لي ثغر وطرسوس { وَمَا جَعَلَ عَلَيْكُمْ فِي ٱلدِّينِ مِنْ حَرَجٍ } [الحج: 78] أي: ضيِّق في السير إلى الله تعالى والوصول إليه؛ لأنك تسير إلى الله تعالى بتيسيره لا بسيرك، وتصل إليه بتقربه إليك لا بتقربك إليه، وإن كنت ترى أن تقربك إليه منك، ولا ترى بأن تقربك إليه من نتائج تقربه إليك لا بتقربك إليه، كما قال الله تعالى: "" من تقرب إلي شبراً تقربت إليه ذراعاً "" ، فالذراع إشارة إلى الشبرين، شبر سابق على تقربك إليه وشبر لاحق بتقربك إليه حتى لو مشيت إليه، فإنه يسارعك من قبل مهرولاً.  وبقوله تعالى: { مِّلَّةَ أَبِيكُمْ إِبْرَاهِيمَ } [الحج: 78] يشير إلى أن السير والذهاب إلى الله تعالى من سنة إبراهيم عليه السلام بقوله: [الصافات: 99]، وإنما سمَّاه بأبيكم، لأنه كأب آباءكم في طريقة السير إلى الله، كما قال صلى الله عليه وسلم: "" أنا لكم كالوالد لولده "" { هُوَ سَمَّاكُمُ ٱلْمُسْلِمِينَ } [الحج: 78] أي: الله في الأزل لاستسلامكم لقبول هذه الطريقة بأن جعلكم مستعدين { مِن قَبْلُ } [الحج: 78] إن خلقكم { وَفِي هَـٰذَا } [الحج: 78] أي: وبعد أن خلقكم { لِيَكُونَ ٱلرَّسُولُ شَهِيداً عَلَيْكُمْ } [الحج: 78] فيما تعملون؛ لأنه كان أول المخلوقات بالروح مشرفاً عليها. { وَتَكُونُواْ شُهَدَآءَ عَلَى ٱلنَّاسِ } [الحج: 78] فيما يعملون وهم الأمم الماضية، وفي هذا إشارة إلى أن روح محمد صلى الله عليه وسلم كما كان مخلوقاً قبل أرواح الأنبياء، ومشرفاً على أحوالهم كانت أمته مخلوقة قبل أرواح جميع الأمم مشرفين على أحوالهم، ولا إشراف لروح نبي على روح نبينا صلى الله عليه وسلم، ولا لأرواح روح الأمم إشراف لأرواح هذه الأمة { فَأَقِيمُواْ ٱلصَّلاَةَ } [الحج: 78] بدوام السير والعروج إلى الله تعالى والتعظيم لأمره { وَآتُواْ ٱلزَّكَـاةَ } [الحج: 78] بدعوة الخلق إلى الله تعالى، وهدايتهم إلى الصراط المستقيم إلى الله تعالى بالشفقة على خلقه، وهذا حقيقة الاعتصام بحبل الله للوصول إليه. { وَٱعْتَصِمُواْ بِٱللَّهِ } [الحج: 78] إذا وصلتم إليه بإفناء الوجود فيه { هُوَ مَوْلاَكُمْ } [الحج: 78] أي: متولي إفنائكم { فَنِعْمَ ٱلْمَوْلَىٰ } [الحج: 78] في إفناء وجودكم { وَنِعْمَ ٱلنَّصِيرُ } [الحج: 78] بإبقائكم به."
22,78,"ثم أخبر عن نجاح أهل الفلاح بقوله تعالى: { يٰأَيُّهَا ٱلَّذِينَ آمَنُواْ ٱرْكَعُواْ وَٱسْجُدُواْ } [الحج: 77] يشير إلى: الرجوع من تكبير قيام الإنسانية إلى تواضع خضوع الحيوانية، فإنها على أربع في الركوع، والرجوع من الركوع إلى الانكسار، والذلة النباتية في السجود، فإن النبات ذليل في السجود؛ لقوله تعالى: [الرحمن: 6] لأن الروح كان مجيئه بهذه المنازل من عالم الأرواح عبر على كلّ المنزل النباتي، ثم على المنزل الحيواني إلى أن بلغ المنزل الإنساني، فعند رجوعه إلى الحضرة يكون عبوره على كل هذه المنازل، وهذا سر قوله صلى الله عليه وسلم "" الصلاة معراج المؤمن "".  ثم قال الله تعالى: { وَاعْبُدُواْ رَبَّكُمْ } يعني: بهذا الرجوع إليه؛ يعني: خالصاً لوجهه تعالى. { وَٱفْعَلُواْ ٱلْخَيْرَ } بالتوجه إلى الله تعالى في جميع أحوالكم وأعمال الخير كلها. { لَعَلَّكُمْ تُفْلِحُونَ } [الحج: 77] بالعبور على هذه المنازل من حجب الظلمات النفسانية والأنوار الروحانية { وَجَاهِدُوا فِي ٱللَّهِ حَقَّ جِهَادِهِ } [الحج: 78] بأن تجاهدوا النفوس في تزكيتها بأداء الحقوق وترك الحظوظ، وتجاهدوا القلوب في تصفيتها بقطع تعلقات الكونين، ولزوم المراقبات عن الملاحظات، وتجاهدوا بالأرواح في تحليتها بإفناء الوجود في وجوده؛ لتبقى بوجود وجوده.  { هُوَ ٱجْتَبَاكُمْ } [الحج: 78] لهذه الكرامات من بين سائر البريات، ولولا أنه اجتباكم واستعداد هذا الجهاد أعطاكم وأيد هداكم لمَّا جاهدكم في الله، كما قيل: فلولاكم ما عرفنا الهوى، ولولا الهوى ما عرفناكم، ومن مبادئ حق الجهاد: ألاَّ يفتر عن المجاهدة لحظة، كما قال قائلهم: يا رب إن جهادي غير منقطع، وكل أرضك لي ثغر وطرسوس { وَمَا جَعَلَ عَلَيْكُمْ فِي ٱلدِّينِ مِنْ حَرَجٍ } [الحج: 78] أي: ضيِّق في السير إلى الله تعالى والوصول إليه؛ لأنك تسير إلى الله تعالى بتيسيره لا بسيرك، وتصل إليه بتقربه إليك لا بتقربك إليه، وإن كنت ترى أن تقربك إليه منك، ولا ترى بأن تقربك إليه من نتائج تقربه إليك لا بتقربك إليه، كما قال الله تعالى: "" من تقرب إلي شبراً تقربت إليه ذراعاً "" ، فالذراع إشارة إلى الشبرين، شبر سابق على تقربك إليه وشبر لاحق بتقربك إليه حتى لو مشيت إليه، فإنه يسارعك من قبل مهرولاً.  وبقوله تعالى: { مِّلَّةَ أَبِيكُمْ إِبْرَاهِيمَ } [الحج: 78] يشير إلى أن السير والذهاب إلى الله تعالى من سنة إبراهيم عليه السلام بقوله: [الصافات: 99]، وإنما سمَّاه بأبيكم، لأنه كأب آباءكم في طريقة السير إلى الله، كما قال صلى الله عليه وسلم: "" أنا لكم كالوالد لولده "" { هُوَ سَمَّاكُمُ ٱلْمُسْلِمِينَ } [الحج: 78] أي: الله في الأزل لاستسلامكم لقبول هذه الطريقة بأن جعلكم مستعدين { مِن قَبْلُ } [الحج: 78] إن خلقكم { وَفِي هَـٰذَا } [الحج: 78] أي: وبعد أن خلقكم { لِيَكُونَ ٱلرَّسُولُ شَهِيداً عَلَيْكُمْ } [الحج: 78] فيما تعملون؛ لأنه كان أول المخلوقات بالروح مشرفاً عليها. { وَتَكُونُواْ شُهَدَآءَ عَلَى ٱلنَّاسِ } [الحج: 78] فيما يعملون وهم الأمم الماضية، وفي هذا إشارة إلى أن روح محمد صلى الله عليه وسلم كما كان مخلوقاً قبل أرواح الأنبياء، ومشرفاً على أحوالهم كانت أمته مخلوقة قبل أرواح جميع الأمم مشرفين على أحوالهم، ولا إشراف لروح نبي على روح نبينا صلى الله عليه وسلم، ولا لأرواح روح الأمم إشراف لأرواح هذه الأمة { فَأَقِيمُواْ ٱلصَّلاَةَ } [الحج: 78] بدوام السير والعروج إلى الله تعالى والتعظيم لأمره { وَآتُواْ ٱلزَّكَـاةَ } [الحج: 78] بدعوة الخلق إلى الله تعالى، وهدايتهم إلى الصراط المستقيم إلى الله تعالى بالشفقة على خلقه، وهذا حقيقة الاعتصام بحبل الله للوصول إليه. { وَٱعْتَصِمُواْ بِٱللَّهِ } [الحج: 78] إذا وصلتم إليه بإفناء الوجود فيه { هُوَ مَوْلاَكُمْ } [الحج: 78] أي: متولي إفنائكم { فَنِعْمَ ٱلْمَوْلَىٰ } [الحج: 78] في إفناء وجودكم { وَنِعْمَ ٱلنَّصِيرُ } [الحج: 78] بإبقائكم به."
