surah_number,ayah_number,tafsir_text
20,1,"طه

[ طه ] الله أعلم بمراده بذلك"
20,2,"ما أنزلنا عليك القرآن لتشقى

[ ما أنزلنا عليك القرآن ] يا محمد [ لتشقى ] لتتعب بما فعلت بعد نزوله من طول قيامك بصلاة الليل أي خفف عن نفسك"
20,3,"إلا تذكرة لمن يخشى

[ إلا ] لكن أنزلناه [ تذكرة ] به [ لمن يخشى ] يخاف الله"
20,4,"تنزيلا ممن خلق الأرض والسماوات العلى

[ تنزيلا ] بدل من اللفظ بفعله الناصب له [ ممن خلق الأرض والسماوات العلى ] جمع عليا ككبرى وكبر"
20,5,"الرحمن على العرش استوى

هو [ الرحمن على العرش ] وهو في اللغة سرير الملك [ استوى ] استواء يليق به"
20,6,"له ما في السماوات وما في الأرض وما بينهما وما تحت الثرى

[ له ما في السماوات وما في الأرض وما بينهما ] من المخلوقات [ وما تحت الثرى ] هو التراب الندي والمراد الأرضون السبع لأنها تحته"
20,7,"وإن تجهر بالقول فإنه يعلم السر وأخفى

[ وإن تجهر بالقول ] في ذكر أو دعاء فالله غني عن الجهر به [ فإنه يعلم السر وأخفى ] منه أي ما حدثت به النفس وما خطر ولم تحدث به فلا تجهد نفسك بالجهر"
20,8,"الله لا إله إلا هو له الأسماء الحسنى

[ الله لا إله إلا هو له الأسماء الحسنى ] التسع والتسعون الوارد بها الحديث والحسنى مؤنث الأحسن"
20,9,"وهل أتاك حديث موسى

[ وهل ] قد [ أتاك حديث موسى ]"
20,10,"إذ رأى نارا فقال لأهله امكثوا إني آنست نارا لعلي آتيكم منها بقبس أو أجد على النار هدى

[ إذ رأى نارا فقال لأهله ] لامرأته [ امكثوا ] هنا وذلك في مسيره من مدين طالبا مصر [ إني آنست ] أبصرت [ نارا لعلي آتيكم منها بقبس ] بشعلة في رأس فتيلة أو عود [ أو أجد على النار هدى ] أي هاديا يدلني على الطريق وكان أخطأها لظلمة الليل وقال لعل لعدم الجزم بوفاء الوعد"
20,11,"فلما أتاها نودي يا موسى

[ فلما أتاها ] وهي شجرة عوسج [ نودي يا موسى ]"
20,12,"إني أنا ربك فاخلع نعليك إنك بالواد المقدس طوى

[ إني ] بكسر الهمزة بتأويل نودي بقيل وبفتحها بتقدير الباء [ أنا ] تأكيد لياء المتكلم [ ربك فاخلع نعليك إنك بالواد المقدس ] المطهر أو المبارك [ طوى ] بدل أو عطف بيان بالتنوين وتركه مصروف باعتبار المكان وغير مصروف للتأنيث باعتبار البقعة مع العلمية"
20,13,"وأنا اخترتك فاستمع لما يوحى

[ وأنا اخترتك ] من قومك [ فاستمع لما يوحى ] إليك مني"
20,14,"إنني أنا الله لا إله إلا أنا فاعبدني وأقم الصلاة لذكري

[ إنني أنا الله لا إله إلا أنا فاعبدني وأقم الصلاة لذكري ] فيها"
20,15,"إن الساعة ءاتية أكاد أخفيها لتجزى كل نفس بما تسعى

[ إن الساعة آتية أكاد أخفيها ] عن الناس ويظهر لهم قربها بعلاماتها [ لتجزى ] فيها [ كل نفس بما تسعى ] به من خير أو شر"
20,16,"فلا يصدنك عنها من لا يؤمن بها واتبع هواه فتردى

[ فلا يصدنك ] يصرفنك [ عنها ] أي عن الإيمان بها [ من لا يؤمن بها واتبع هواه ] في إنكارها [ فتردى ] أي فتهلك إن صددت عنها"
20,17,"وما تلك بيمينك يا موسى

[ وما تلك ] كائنة [ بيمينك يا موسى ] الاستفهام للتقرير ليرتب عليه المعجزة فيها"
20,18,"قال هي عصاي أتوكأ عليها وأهش بها على غنمي ولي فيها مآرب أخرى

[ قال هي عصاي أتوكأ ] أعتمد [ عليها ] عند الوثوب والمشي [ وأهش ] أخبط ورق الشجر [ بها ] ليسقط [ على غنمي ] فتأكله [ ولي فيها مآرب ] جمع مأربة مثلث الراء أي حوائج [ أخرى ] كحمل الزاد والسقاء وطرد الهوان وزاد في الجواب بيان حاجاته بها"
20,19,"قال ألقها يا موسى

[ قال ألقها يا موسى ]"
20,20,"فألقاها فإذا هي حية تسعى

[ فألقاها فإذا هي حية ] ثعبان عظيم [ تسعى ] تمشي على بطنها سريعا كسرعة الثعبان المسمى بالجان المعبر به فيها في آية أخرى"
20,21,"قال خذها ولا تخف سنعيدها سيرتها الأولى

[ قال خذها ولا تخف ] منها [ سنعيدها سيرتها ] منصوب بنزع الخافض أي إلى حالتها [ الأولى ] فأدخل يده في فمها فعادت عصا فتبين أن موضع الإدخال موضع مسكها بين شعبتيها وأري ذلك السيد موسى لئلا يجزع إذا انقلبت حية لدى فرعون"
20,22,"واضمم يدك إلى جناحك تخرج بيضاء من غير سوء آية أخرى

[ واضمم يدك ] اليمنى بمعنى الكف [ إلى جناحك ] أي جنبك الأيسر تحت العضد إلى الإبط وأخرجها [ تخرج ] خلاف ما كانت عليه من الأدمة [ بيضاء من غير سوء ] أي برص تضيء كشعاع الشمس تغشي البصر [ آية أخرى ] وهي وبيضاء حالان من ضمير تخرج"
20,23,"لنريك من آياتنا الكبرى

[ لنريك ] بها إذا فعلت ذلك لإظهارها [ من آياتنا ] الآية [ الكبرى ] أي العظمى على رسالتك وإذا أراد عودها إلى حالتها الأولى ضمها إلى جناحه كما تقدم وأخرجها"
20,24,"اذهب إلى فرعون إنه طغى

[ اذهب ] رسولا [ إلى فرعون ] ومن معه [ إنه طغى ] جاوز الحد في كفره إلى ادعاء الإله"
20,25,"قال رب اشرح لي صدري

[ قال رب اشرح لي صدري ] وسعه لتحمل الرسالة"
20,26,"ويسر لي أمري

[ ويسر ] سهل [ لي أمري ] لأبلغها"
20,27,"واحلل عقدة من لساني

[ واحلل عقدة من لساني ] حدثت من احتراقه بجمرة وضعها بفيه وهو صغير"
20,28,"يفقهوا قولي

[ يفقهوا ] يفهموا [ قولي ] عند تبليغ الرسالة"
20,29,"واجعل لي وزيرا من أهلي

[ واجعل لي وزيرا ] معينا عليها [ من أهلي ]"
20,30,"هارون أخي

[ هارون ] مفعول ثاني [ أخي ] عطف بيان"
20,31,"اشدد به أزري

[ اشدد به أزري ] ظهري"
20,32,"وأشركه في أمري

[ وأشركه في أمري ] أي الرسالة والفعلان بصيغتي الأمر والمضارع المجزوم وهو جواب الطلب"
20,33,"كي نسبحك كثيرا

[ كي نسبحك ] تسبيحا [ كثيرا ]"
20,34,"ونذكرك كثيرا

[ ونذكرك ] ذكرا [ كثيرا ]"
20,35,"إنك كنت بنا بصيرا

[ إنك كنت بنا بصيرا ] عالما فأنعمت بالرسالة"
20,36,"قال قد أوتيت سؤلك يا موسى

[ قال قد أوتيت سؤلك يا موسى ] منا عليك"
20,37,"ولقد مننا عليك مرة أخرى

[ ولقد مننا عليك مرة أخرى ]"
20,38,"إذ أوحينا إلى أمك ما يوحى

[ إذ ] للتعليل [ أوحينا إلى أمك ] مناما أو إلهاما لما ولدتك وخافت أن يقتلك فرعون في جملة من يولد [ ما يوحى ] في أمرك ويبدل منه"
20,39,"أن اقذفيه في التابوت فاقذفيه في اليم فليلقه اليم بالساحل يأخذه عدو لي وعدو له وألقيت عليك محبة مني ولتصنع على عيني

[ أن اقذفيه ] ألقيه [ في التابوت فاقذفيه ] بالتابوت [ في اليم ] بحر النيل [ فليلقه اليم بالساحل ] أي شاطئه والأمر بمعنى الخبر [ يأخذه عدو لي وعدو له ] وهو فرعون [ وألقيت ] بعد أن أخذك [ عليك محبة مني ] لتحب في الناس فأحبك فرعون وكل من رآك [ ولتصنع على عيني ] تربى على رعايتي وحفظي لك"
20,40,"إذ تمشي أختك فتقول هل أدلكم على من يكفله فرجعناك إلى أمك كي تقر عينها ولا تحزن وقتلت نفسا فنجيناك من الغم وفتناك فتونا فلبثت سنين في أهل مدين ثم جئت على قدر يا موسى

[ إذ ] للتعليل [ تمشي أختك ] مريم لتتعرف من خبرك وقد أحضروا مراضع وأنت لا تقبل ثدي واحدة منهن [ فتقول هل أدلكم على من يكفله ] فأجيبت فجاءت بأمه فقبل ثديها [ فرجعناك إلى أمك كي تقر عينها ] بلقائك [ ولا تحزن ] حينئذ [ وقتلت نفسا ] هو القبطي بمصر فاغتممت لقتله من جهة فرعون [ فنجيناك من الغم وفتناك فتونا ] اختبرناك في الإيقاع في غير ذلك وخلصناك منه [ فلبثت سنين ] عشرا [ في أهل مدين ] بعد مجيئك إليها من مصر عند شعيب النبي وتزوجك بابنته [ ثم جئت على قدر ] في علمي بالرسالة وهو أربعون سنة من عمرك [ يا موسى ]"
20,41,"واصطنعتك لنفسي

[ واصطنعتك ] اخترتك [ لنفسي ] بالرسالة"
20,42,"اذهب أنت وأخوك بآياتي ولا تنيا في ذكري

[ اذهب أنت وأخوك ] إلى الناس [ بآياتي ] التسع [ ولا تنيا ] تفترا [ في ذكري ] بتسبيح وغيره"
20,43,"اذهبا إلى فرعون إنه طغى

[ اذهبا إلى فرعون إنه طغى ] بادعائه الربوبية"
20,44,"فقولا له قولا لينا لعله يتذكر أو يخشى

[ فقولا له قولا لينا ] في رجوعه عن ذلك [ لعله يتذكر ] يتعظ [ أو يخشى ] الله فيرجع والترجي بالنسبة إليهما لعلمه تعالى بأنه لايرجع"
20,45,"قالا ربنا إننا نخاف أن يفرط علينا أو أن يطغى

[ قالا ربنا إننا نخاف أن يفرط علينا ] أي يعجل بالعقوبة [ أو أن يطغى ] علينا أي يتكبر"
20,46,"قال لا تخافا إنني معكما أسمع وأرى

[ قال لا تخافا إنني معكما ] بعوني [ أسمع ] ما يقول [ وأرى ] ما يفعل"
20,47,"فأتياه فقولا إنا رسولا ربك فأرسل معنا بني إسرائيل ولا تعذبهم قد جئناك بآية من ربك والسلام على من اتبع الهدى

[ فأتياه فقولا إنا رسولا ربك فأرسل معنا بني إسرائيل ] إلى الشام [ ولا تعذبهم ] أي خل عنهم من استعمالك إياهم في أشغالك الشاقة كالحفر والبناء وحمل الثقيل [ قد جئناك بآية ] بحجة [ من ربك ] على صدقنا بالرسالة [ والسلام على من اتبع الهدى ] أي السلامة له من العذاب"
20,48,"إنا قد أوحي إلينا أن العذاب على من كذب وتولى

[ إنا قد أوحي إلينا أن العذاب على من كذب ] ما جئنا به [ وتولى ] أعرض عنه فأتياه وقالا جميع ما ذكره"
20,49,"قال فمن ربكما يا موسى

[ قال فمن ربكما يا موسى ] اقتصر عليه لأنه الأصل ولإدلاله عليه بالتربية"
20,50,"قال ربنا الذي أعطى كل شيء خلقه ثم هدى

[ قال ربنا الذي أعطى كل شيء ] من الخلق [ خلقه ] الذي هو عليه متميز به من غيره [ ثم هدى ] الحيوان منه"
20,51,"قال فما بال القرون الأولى

[ قال ] فرعون [ فما بال ] حال [ القرون ] الأمم [ الأولى ] كقوم نوح وهود ولوط وصالح في عبادتهم الأوثان"
20,52,"قال علمها عند ربي في كتاب لا يضل ربي ولا ينسى

[ قال ] موسى [ علمها ] أي علم حالهم محفوظ [ عند ربي في كتاب ] هو اللوح المحفوظ يجازيهم عليها يوم القيامة [ لا يضل ] يغيب [ ربي ] عن شيء [ ولا ينسى ] ربي شيئا"
20,53,"الذي جعل لكم الأرض مهدا وسلك لكم فيها سبلا وأنزل من السماء ماء فأخرجنا به أزواجا من نبات شتى

هو [ الذي جعل لكم ] في جملة الخلق [ الأرض مهدا ] فراشا [ وسلك ] سهل [ لكم فيها سبلا ] طرقا [ وأنزل من السماء ماء ] مطرا قال تعالى تتميما لما وصفه به موسى وخطابا لأهل مكة [ فأخرجنا به أزواجا ] أصنافا [ من نبات شتى ] صفة أزواجا أي مختلفة الألوان والطعوم وغيرهما وشتى جمع شتيت كمريض ومرضى من شت الأمر تفرق"
20,54,"كلوا وارعوا أنعامكم إن في ذلك لآيات لأولي النهى

[ كلوا ] منها [ وارعوا أنعامكم ] فيها جمع نعم وهي الإبل والبقر والغنم يقال رعت الأنعام ورعيتها والأمر للإباحة وتذكير النعمة والجملة حال من ضمير أخرجنا أي مبيحين لكم الأكل ورعي الإنعام [ إن في ذلك ] المكور هنا [ لآيات ] لعبرا [ لأولي النهى ] لأصحاب العقول جمع نهية كغرفة وغرف سمي به العقل لأنه ينهى صاحبه عن ارتكاب القبائح"
20,55,"منها خلقناكم وفيها نعيدكم ومنها نخرجكم تارة أخرى

[ منها ] أي من الأرض [ خلقناكم ] بخلق أبيكم آدم منها [ وفيها نعيدكم ] مقبورين بعد الموت [ ومنها نخرجكم ] عند البعث [ تارة ] مرة [ أخرى ] كما أخرجناكم عند ابتداء خلقكم"
20,56,"ولقد أريناه آياتنا كلها فكذب وأبى

[ ولقد أريناه ] أي أبصرنا فرعون [ آياتنا كلها ] التسع [ فكذب ] بها وزعم أنها سحر [ وأبى ] أن يوحد الله تعالى"
20,57,"قال أجئتنا لتخرجنا من أرضنا بسحرك يا موسى

[ قال أجئتنا لتخرجنا من أرضنا ] مصر ويكون لك الملك فيها [ بسحرك يا موسى ]"
20,58,"فلنأتينك بسحر مثله فاجعل بيننا وبينك موعدا لا نخلفه نحن ولا أنت مكانا سوى

[ فلنأتينك بسحر مثله ] يعارضه [ فاجعل بيننا وبينك موعدا ] لذلك [ لا نخلفه نحن ولا أنت مكانا ] منصوب بنزع الخافض في [ سوى ] بكسر أوله وضمه أي وسطا تستوي إليه مسافة الجائي من الطرفين"
20,59,"قال موعدكم يوم الزينة وأن يحشر الناس ضحى

[ قال ] موسى [ موعدكم يوم الزينة ] يوم عيد لهم يتزينون فيه ويجتمعون [ وأن يحشر الناس ] يجمع أهل مصر [ ضحى ] وقته للنظر فيما يقع"
20,60,"فتولى فرعون فجمع كيده ثم أتى

[ فتولى فرعون ] أدبر [ فجمع كيده ] أي ذوي كيده من السحرة [ ثم أتى ] بهم الموعد"
20,61,"قال لهم موسى ويلكم لا تفتروا على الله كذبا فيسحتكم بعذاب وقد خاب من افترى

[ قال لهم موسى ] وهم اثنان وسبعون مع كل واحد حبل وعصا [ ويلكم ] أي ألزمكم الله الويل [ لا تفتروا على الله كذبا ] بإشراك أحد معه [ فيسحتكم ] بضم الياء وكسر الحاء وبفتحهما أي يهلككم [ بعذاب ] من عنده [ وقد خاب ] خسر [ من افترى ] كذب على الله"
20,62,"فتنازعوا أمرهم بينهم وأسروا النجوى

[ فتنازعوا أمرهم بينهم ] في موسى وأخيه [ وأسروا النجوى ] أي الكلام بينهم فيهما"
20,63,"قالوا إن هذان لساحران يريدان أن يخرجاكم من أرضكم بسحرهما ويذهبا بطريقتكم المثلى

[ قالوا ] لأنفسهم [ إن هذان ] لأبي عمرو ولغيره وهو موافق للغة من يأتي في المثنى بالألف في أحواله الثلاث [ لساحران يريدان أن يخرجاكم من أرضكم بسحرهما ويذهبا بطريقتكم المثلى ] مؤنث أمثل بمعنى أشرف أي باشرافكم بميلهم إليهما لغلبتهما"
20,64,"فأجمعوا كيدكم ثم ائتوا صفا وقد أفلح اليوم من استعلى

[ فأجمعوا كيدكم ] من السحر بهمزة وصل وفتح الميم من جمع أي لم وبهمزة قطع وكسر الميم من أجمع أحكم [ ثم ائتوا صفا ] حال أي مصطفين [ وقد أفلح ] فاز [ اليوم من استعلى ] غلب"
20,65,"قالوا يا موسى إما أن تلقي وإما أن نكون أول من ألقى

[ قالوا يا موسى ] اختر [ إما أن تلقي ] عصاك أولا [ وإما أن نكون أول من ألقى ] عصاه"
20,66,"قال بل ألقوا فإذا حبالهم وعصيهم يخيل إليه من سحرهم أنها تسعى

[ قال بل ألقوا ] فألقوا [ فإذا حبالهم وعصيهم ] أصله عصوو قلبت الواوان ياءين وكسرت العين والصاد [ يخيل إليه من سحرهم أنها ] حيات [ تسعى ] على بطونها"
20,67,"فأوجس في نفسه خيفة موسى

[ فأوجس ] أحس [ في نفسه خيفة موسى ] أي خاف من جهة أن سحرهم من جنس معجزته أن يلتبس أمره على الناس فلا يؤمنوا به"
20,68,"قلنا لا تخف إنك أنت الأعلى

[ قلنا ] له [ لا تخف إنك أنت الأعلى ] عليهم بالغلبة"
20,69,"وألق ما في يمينك تلقف ما صنعوا إنما صنعوا كيد ساحر ولا يفلح الساحر حيث أتى

[ وألق ما في يمينك ] وهي عصاه [ تلقف ] تبتلع [ ما صنعوا إنما صنعوا كيد ساحر ] أي جنسه [ ولا يفلح الساحر حيث أتى ] بسحره فألقى موسى عصاه فتلقفت كل ما صنعوه"
20,70,"فألقي السحرة سجدا قالوا آمنا برب هارون وموسى

[ فألقي السحرة سجدا ] خروا ساجدين لله تعالى [ قالوا آمنا برب هارون وموسى ]"
20,71,"قال آمنتم له قبل أن آذن لكم إنه لكبيركم الذي علمكم السحر فلأقطعن أيديكم وأرجلكم من خلاف ولأصلبنكم في جذوع النخل ولتعلمن أينا أشد عذابا وأبقى

[ قال ] فرعون [ آمنتم ] بتحقيق الهمزتين وإبدال الثانية ألفا [ له قبل أن آذن ] أنا [ لكم إنه لكبيركم ] معلمكم [ الذي علمكم السحر فلأقطعن أيديكم وأرجلكم من خلاف ] حال بمعنى مختلفة أي الأيدي اليمنى والأرجل اليسرى [ ولأصلبنكم في جذوع النخل ] أي عليها [ ولتعلمن أينا ] يعني نفسه ورب موسى [ أشد عذابا وأبقى ] أدوم على مخالفته"
20,72,"قالوا لن نؤثرك على ما جاءنا من البينات والذي فطرنا فاقض ما أنت قاض إنما تقضي هذه الحياة الدنيا

[ قالوا لن نؤثرك ] نختارك [ على ما جاءنا من البينات ] الدالة على صدق موسى [ والذي فطرنا ] خلقنا قسم أو عطف على ما [ فاقض ما أنت قاض ] أي إصنع ما قلته [ إنما تقضي هذه الحياة الدنيا ] النصب على الاتساع أي فيها وتجزى عليه في الآخرة"
20,73,"إنا آمنا بربنا ليغفر لنا خطايانا وما أكرهتنا عليه من السحر والله خير وأبقى

[ إنا آمنا بربنا ليغفر لنا خطايانا ] من الإشراك وغيره [ وما أكرهتنا عليه من السحر ] تعلما وعملا لمعارضة موسى [ والله خير ] منك ثوابا إذا أطيع [ وأبقى ] منك عذابا إذا عصي"
20,74,"إنه من يأت ربه مجرما فإن له جهنم لا يموت فيها ولا يحيى

قال تعالى [ إنه من يأت ربه مجرما ] كافرا كفرعون [ فإن له جهنم لا يموت فيها ] فيستريح [ ولا يحيى ] حياة تنفعه"
20,75,"ومن يأته مؤمنا قد عمل الصالحات فأولئك لهم الدرجات العلى

[ ومن يأته مؤمنا قد عمل الصالحات ] الفرائض والنوافل [ فأولئك لهم الدرجات العلى ] جمع عليا مؤنث أعلى"
20,76,"جنات عدن تجري من تحتها الأنهار خالدين فيها وذلك جزاء من تزكى

[ جنات عدن ] أي إقامة بيان له [ تجري من تحتها الأنهار خالدين فيها وذلك جزاء من تزكى ] تطهر من الذنوب"
20,77,"ولقد أوحينا إلى موسى أن أسر بعبادي فاضرب لهم طريقا في البحر يبسا لا تخاف دركا ولا تخشى

[ ولقد أوحينا إلى موسى أن أسر بعبادي ] بهمزة قطع من أسرى وبهمزة وصل وكسر النون من سرى لغتان أي أسر بهم ليلا من أرض مصر [ فاضرب لهم ] اجعل لهم بعصاك [ طريقا في البحر يبسا ] أي يابسا فامتثل ما أمر به وأيبس الله الأرض فمروا فيها [ لا تخاف دركا ] أي أن يدركك فرعون [ ولا تخشى ] غرقا"
20,78,"فأتبعهم فرعون بجنوده فغشيهم من اليم ما غشيهم

[ فأتبعهم فرعون بجنوده ] وهو معهم [ فغشيهم من اليم ] أي البحر [ ما غشيهم ] فأغرقهم"
20,79,"وأضل فرعون قومه وما هدى

[ وأضل فرعون قومه ] بدعائهم إلى عبادته [ وما هدى ] بل أوقعهم في الهلاك خلاف قوله وما أهديكم إلا سبيل الرشاد"
20,80,"يا بني إسرائيل قد أنجيناكم من عدوكم وواعدناكم جانب الطور الأيمن ونزلنا عليكم المن والسلوى

[ يا بني إسرائيل قد أنجيناكم من عدوكم ] فرعون بإغراقه [ وواعدناكم جانب الطور الأيمن ] فنؤتي موسى التوراة للعمل بها [ ونزلنا عليكم المن والسلوى ] هما الترنجبين والطير السماني بتخفيف الميم والقصر والمنادى من وجد من اليهود زمن النبي صلى الله عليه وسلم وخوطبوا بما أنعم الله به على أجدادهم زمن النبي موسى توطئة لقوله تعالى لهم"
20,81,"كلوا من طيبات ما رزقناكم ولا تطغوا فيه فيحل عليكم غضبي ومن يحلل عليه غضبي فقد هوى

[ كلوا من طيبات ما رزقناكم ] أي المنعم به عليكم [ ولا تطغوا فيه ] بأن تكفروا النعمة به [ فيحل عليكم غضبي ] بكسر الحاء أي يجب وبضمها أي ينزل [ ومن يحلل عليه غضبي ] بكسر اللام وضمها [ فقد هوى ] سقط في النار"
20,82,"وإني لغفار لمن تاب وآمن وعمل صالحا ثم اهتدى

[ وإني لغفار لمن تاب ] من الشرك [ وآمن ] وحد الله [ وعمل صالحا ] يصدق بالفرض والنفل [ ثم اهتدى ] باستمراره على ما ذكر إلى موته"
20,83,"وما أعجلك عن قومك يا موسى

[ وما أعجلك عن قومك ] لمجيء ميعاد أخذ التوراة [ يا موسى ]"
20,84,"قال هم أولاء على أثري وعجلت إليك رب لترضى

[ قال هم أولاء ] أي بالقرب مني يأتون [ على أثري وعجلت إليك رب لترضى ] عني أي زيادة على رضاك وقبل الجواب أتى بالاعتذار بحسب ظنه وتخلف المظنون لما"
20,85,"قال فإنا قد فتنا قومك من بعدك وأضلهم السامري

[ قال ] تعالى [ فإنا قد فتنا قومك من بعدك ] أي بعد فراقك لهم [ وأضلهم السامري ] فعبدوا العجل"
20,86,"فرجع موسى إلى قومه غضبان أسفا قال يا قوم ألم يعدكم ربكم وعدا حسنا أفطال عليكم العهد أم أردتم أن يحل عليكم غضب من ربكم فأخلفتم موعدي

[ فرجع موسى إلى قومه غضبان ] من جهتهم [ أسفا ] شديد الحزن [ قال يا قوم ألم يعدكم ربكم وعدا حسنا ] أي صدقا أنه يعطيكم التوراة [ أفطال عليكم العهد ] مدة مفارقتي إياكم [ أم أردتم أن يحل ] يجب [ عليكم غضب من ربكم ] بعبادتكم العجل [ فأخلفتم موعدي ] وتركتم المجيء بعدي"
20,87,"قالوا ما أخلفنا موعدك بملكنا ولكنا حملنا أوزارا من زينة القوم فقذفناها فكذلك ألقى السامري

[ قالوا ما أخلفنا موعدك بملكنا ] مثلث الميم أي بقدرتنا أو أمرنا [ ولكنا حملنا ] بفتح الحاء مخففا وبضمها وكسر الميم مشددا [ أوزارا ] أثقالا [ من زينة القوم ] أي حلي قوم فرعون استعارها منهم بنو إسرائيل بعلة عرس فبقيت عندهم [ فقذفناها ] طرحناها في النار بأمر السامري [ فكذلك ] كما ألقينا [ ألقى السامري ] ما معه من حليهم ومن التراب الذي أخذه من أثر حافر فرس جبريل على الوجه الآتي"
20,88,"فأخرج لهم عجلا جسدا له خوار فقالوا هذا إلهكم وإله موسى فنسي

[ فأخرج لهم عجلا ] صاغه من الحلي [ جسدا ] لحما ودما [ له خوار ] أي صوت يسمع أي انقلب كذلك بسبب التراب الذي أثره الحياة فيما يوضع فيه ووضعه بعد صوغه في فمه [ فقالوا ] أي السامري وأتباعه [ هذا إلهكم وإله موسى فنسي ] موسى ربه هنا وذهب يطلبه"
20,89,"أفلا يرون ألا يرجع إليهم قولا ولا يملك لهم ضرا ولا نفعا

[ أفلا يرون ألا ] ن مخففة من الثقيلة واسمها محذوف أي أنه لا [ يرجع ] العجل [ إليهم قولا ] أي لا يرد لهم جوابا [ ولا يملك لهم ضرا ] أي دفعه [ ولا نفعا ] أي جلبه أي فكيف يتخذ إلها"
20,90,"ولقد قال لهم هارون من قبل يا قوم إنما فتنتم به وإن ربكم الرحمن فاتبعوني وأطيعوا أمري

[ ولقد قال لهم هارون من قبل ] أي قبل أن يرجع أن موسى [ يا قوم إنما فتنتم به وإن ربكم الرحمن فاتبعوني ] في [ وأطيعوا أمري ] فيها"
20,91,"قالوا لن نبرح عليه عاكفين حتى يرجع إلينا موسى

[ قالوا لن نبرح ] نزال [ عليه عاكفين ] على عبادته مقيمين [ حتى يرجع إلينا موسى ]"
20,92,"قال يا هارون ما منعك إذ رأيتهم ضلوا

[ قال ] موسى بعد رجوعه [ يا هارون ما منعك إذ رأيتهم ضلوا ] بعبادته"
20,93,"ألا تتبعن أفعصيت أمري

[ ألا تتبعن ] لا زائدة [ أفعصيت أمري ] بإقامتك بين من يعبد غير الله تعالى"
20,94,"قال يا ابن أم لا تأخذ بلحيتي ولا برأسي إني خشيت أن تقول فرقت بين بني إسرائيل ولم ترقب قولي

[ قال ] هارون [ يا ابن أم ] بكسر الميم وفتحها أراد أمي وذكرها أعطف لقلبه [ لا تأخذ بلحيتي ] وكان أخذها بشماله [ ولا برأسي ] وكان أخذ شعره بيمينه غضبا [ إني خشيت ] لو اتبعتك ولا بد أن يتبعني جمع ممن لم يعبدوا العجل [ أن تقول فرقت بين بني إسرائيل ] وتغضب علي [ ولم ترقب ] تنتظر [ قولي ] فيما رأيته في ذلك"
20,95,"قال فما خطبك يا سامري

[ قال فما خطبك ] شأنك الداعي إلى ما صنعت [ يا سامري ]"
20,96,"قال بصرت بما لم يبصروا به فقبضت قبضة من أثر الرسول فنبذتها وكذلك سولت لي نفسي

[ قال بصرت بما لم يبصروا به ] بالياء والتاء أي علمت بما لم يعلموه [ فقبضت قبضة من ] تراب [ أثر ] حافر فرس [ الرسول ] جبريل [ فنبذتها ] ألقيتها في صورة العجل المصاغ [ وكذلك سولت ] زينت [ لي نفسي ] والقي فيها أن آخذ قبضة من تراب ما ذكر والقيها على ما لا روح له يصير له روح ورأيت قومك طلبوا منك أن تجعل لهم إلها فحدثتني نفسي أن يكون ذلك العجل إلاههم"
20,97,"قال فاذهب فإن لك في الحياة أن تقول لا مساس وإن لك موعدا لن تخلفه وانظر إلى إلهك الذي ظلت عليه عاكفا لنحرقنه ثم لننسفنه في اليم نسفا

[ قال ] له موسى [ فاذهب ] من بيننا [ فإن لك في الحياة ] أي مدة حياتك [ أن تقول ] لمن رأيته [ لا مساس ] أي لا تقربني فكان يهيم في البرية وإذ مس أحدا أو مسه أحد حما جميعا [ وإن لك موعدا ] لعذابك [ لن تخلفه ] بكسر اللام أي لن تغيب عنه وبفتحها أي بل تبعث إليه [ وانظر إلى إلهك الذي ظلت ] أصله ظللت بلا مين اولاهما مكسورة حذفت تخفيفا أي دمت [ عليه عاكفا ] أي مقيما تعبده [ لنحرقنه ] بالنار [ ثم لننسفنه في اليم نسفا ] نذرينه في هواء البحر وفعل موسى بعد ذبحه ما ذكره"
20,98,"إنما إلهكم الله الذي لا إله إلا هو وسع كل شيء علما

[ إنما إلهكم الله الذي لا إله إلا هو وسع كل شيء علما ] تمييز محول عن الفاعل أي وسع علمه كل شيء"
20,99,"كذلك نقص عليك من أنباء ما قد سبق وقد آتيناك من لدنا ذكرا

[ كذلك ] أي كما قصصنا عليك يا محمد هذه القصة [ نقص عليك من أنباء ] أخبار [ ما قد سبق ] من الأمم [ وقد آتيناك ] أعطيناك [ من لدنا ] من عندنا [ ذكرا ] قرآنا"
20,100,"من أعرض عنه فإنه يحمل يوم القيامة وزرا

[ من أعرض عنه ] فلم يؤمن به [ فإنه يحمل يوم القيامة وزرا ] حملا ثقيلا من الإثم"
20,101,"خالدين فيه وساء لهم يوم القيامة حملا

[ خالدين فيه ] أي في عذاب الوزر [ وساء لهم يوم القيامة حملا ] تمييز مفسر للضمير في ساء والمخصوص بالذم محذوف تقديره وزرهم واللام للبيان ويبدل من يوم القيامة"
20,102,"يوم ينفخ في الصور ونحشر المجرمين يومئذ زرقا

[ يوم ينفخ في الصور ] القرن النفخة الثانية [ ونحشر المجرمين ] الكافرين [ يومئذ زرقا ] عيونهم مع سواد وجوههم"
20,103,"يتخافتون بينهم إن لبثتم إلا عشرا

[ يتخافتون بينهم ] يتسارون [ إن ] ما [ لبثتم ] في الدنيا [ إلا عشرا ] من الليالي بأيامها"
20,104,"نحن أعلم بما يقولون إذ يقول أمثلهم طريقة إن لبثتم إلا يوما

[ نحن أعلم بما يقولون ] في ذلك أي ليس كما قالوا [ إذ يقول أمثلهم ] أعدلهم [ طريقة ] فيه إن [ إن لبثتم إلا يوما ] يستقلون لبثهم في الدنيا جدا لما يعاينونه في الآخرة من أهوالها"
20,105,"ويسألونك عن الجبال فقل ينسفها ربي نسفا

[ ويسألونك عن الجبال ] كيف تكون يوم القيامة [ فقل ] لهم [ ينسفها ربي نسفا ] بأن يفتتها كالرمل السائل ثم يطيرها كالريح"
20,106,"فيذرها قاعا صفصفا

[ فيذرها قاعا ] منبسطا [ صفصفا ] مستويا"
20,107,"لا ترى فيها عوجا ولا أمتا

[ لا ترى فيها عوجا ] انخفاضا [ ولا أمتا ] أرتفاعا"
20,108,"يومئذ يتبعون الداعي لا عوج له وخشعت الأصوات للرحمن فلا تسمع إلا همسا

[ يومئذ ] أي يوم إذ نسفت الجبال [ يتبعون ] أي الناس بعد القيام من القبور [ الداعي ] إلى المحشر بصوته وهو إسرافيل يقول هلموا إلى عرض الرحمن [ لا عوج له ] أي لاتباعهم أي لا يقدرون أن لا يتبعوا [ وخشعت ] سكنت [ الأصوات للرحمن فلا تسمع إلا همسا ] صوت وطء الأقدام في نقلها إلى المحشر كصوت أخفاف الإبل في مشيها"
20,109,"يومئذ لا تنفع الشفاعة إلا من أذن له الرحمن ورضي له قولا

[ يومئذ لا تنفع الشفاعة ] أحدا [ إلا من أذن له الرحمن ] أن يشفع له [ ورضي له قولا ] بأن يقول لا إله إلا الله"
20,110,"يعلم ما بين أيديهم وما خلفهم ولا يحيطون به علما

[ يعلم ما بين أيديهم ] من أمور الآخرة [ وما خلفهم ] من امور الدنيا [ ولا يحيطون به علما ] لا يعلمون ذلك"
20,111,"وعنت الوجوه للحي القيوم وقد خاب من حمل ظلما

[ وعنت الوجوه ] خضعت [ للحي القيوم ] أي الله [ وقد خاب ] خسر [ من حمل ظلما ] أي شركا"
20,112,"ومن يعمل من الصالحات وهو مؤمن فلا يخاف ظلما ولا هضما

[ ومن يعمل من الصالحات ] الطاعات [ وهو مؤمن فلا يخاف ظلما ] بزيادة في سيآته [ ولا هضما ] بنقص من حسناته"
20,113,"وكذلك أنزلناه قرآنا عربيا وصرفنا فيه من الوعيد لعلهم يتقون أو يحدث لهم ذكرا

[ وكذلك ] معطوف على كذلك نقص أي مثل إنزال ما ذكر [ أنزلناه ] أي القرآن [ قرآنا عربيا وصرفنا ] كررنا [ فيه من الوعيد لعلهم يتقون ] الشرك [ أو يحدث ] القرآن [ لهم ذكرا ] بهلاك من تقدمهم من الأمم فيعتبروا"
20,114,"فتعالى الله الملك الحق ولا تعجل بالقرآن من قبل أن يقضى إليك وحيه وقل رب زدني علما

[ فتعالى الله الملك الحق ] عما يقول المشركون [ ولا تعجل بالقرآن ] أي بقراءته [ من قبل أن يقضى إليك وحيه ] أي يفرغ جبريل من إبلاغه [ وقل رب زدني علما ] أي بالقرآن فكلما انزل عليه شيء منه زاد به علمه"
20,115,"ولقد عهدنا إلى آدم من قبل فنسي ولم نجد له عزما

[ ولقد عهدنا إلى آدم ] ووصيناه أن لا يأكل من الشجرة [ من قبل ] أي قبل أكله منها [ فنسي ] ترك عهدنا [ ولم نجد له عزما ] حزما وصبرا عما منعناه عنه"
20,116,"وإذ قلنا للملائكة اسجدوا لآدم فسجدوا إلا إبليس أبى

[ وإذ قلنا للملائكة اسجدوا لآدم فسجدوا إلا إبليس ] وهو أبو الجن كان يصحب الملائكة ويعبد الله معهم [ أبى ] عن السجود لآدم فقال أنا خير منه"
20,117,"فقلنا يا آدم إن هذا عدو لك ولزوجك فلا يخرجنكما من الجنة فتشقى

[ فقلنا يا آدم إن هذا عدو لك ولزوجك ] حواء بالمد [ فلا يخرجنكما من الجنة فتشقى ] تتعب بالحرث والزرع والحصد والطحن والخبز وغير ذلك واقتصر على شقائه لأن الرجل يسعى على زوجته"
20,118,"إن لك ألا تجوع فيها ولا تعرى

[ إن لك ألا تجوع فيها ولا تعرى ]"
20,119,"وأنك لا تظمأ فيها ولا تضحى

[ وأنك ] بفتح الهمزة وكسرها عطف على اسم إن وجملتها [ لا تظمأ فيها ] تعطش [ ولا تضحى ] لا يحصل لك حر شمس الضحى لانتفاء شمس الضحى في الجنة"
20,120,"فوسوس إليه الشيطان قال يا آدم هل أدلك على شجرة الخلد وملك لا يبلى

[ فوسوس إليه الشيطان قال يا آدم هل أدلك على شجرة الخلد ] أي التي يخلد من يأكل منها [ وملك لا يبلى ] لا يفنى وهو لازم الخلد"
20,121,"فأكلا منها فبدت لهما سوآتهما وطفقا يخصفان عليهما من ورق الجنة وعصى آدم ربه فغوى

[ فأكلا ] أي آدم وحواء [ منها فبدت لهما سوآتهما ] أي ظهر لكل منهما قبله وقبل الآخر ودبره وسمي كل منهما سوأة لأن انكشافه يسوء صاحبه [ وطفقا يخصفان ] أخذا يلزقان [ عليهما من ورق الجنة ] ليستترا به [ وعصى آدم ربه فغوى ] بالأكل من الشجرة"
20,122,"ثم اجتباه ربه فتاب عليه وهدى

[ ثم اجتباه ربه ] قربه [ فتاب عليه ] قبل توبته [ وهدى ] أي هداه إلى المداومة على التوبة"
20,123,"قال اهبطا منها جميعا بعضكم لبعض عدو فإما يأتينكم مني هدى فمن اتبع هداي فلا يضل ولا يشقى

[ قال اهبطا ] أي آدم وحواء بما اشتملتما عليه من ذريتكما [ منها ] من الجنة [ جميعا بعضكم ] بعض الذرية [ لبعض عدو ] من ظلم بعضهم بعضا [ فإما ] فيه إدغام نون إن الشرطية في ما المزيدة [ يأتينكم مني هدى فمن اتبع هداي ] أي القرآن [ فلا يضل ] في الدنيا [ ولا يشقى ] في الآخرة"
20,124,"ومن أعرض عن ذكري فإن له معيشة ضنكا ونحشره يوم القيامة أعمى

[ ومن أعرض عن ذكري ] أي القرآن فلم يؤمن به [ فإن له معيشة ضنكا ] بالتنوين مصدر بمعنى ضيقة وفسرت في حديث بعذاب الكافر في قبره [ ونحشره ] أي المعرض عن القرآن [ يوم القيامة أعمى ] أعمى البصر"
20,125,"قال رب لم حشرتني أعمى وقد كنت بصيرا

[ قال رب لم حشرتني أعمى وقد كنت بصيرا ] في الدنيا وعند البعث"
20,126,"قال كذلك أتتك آياتنا فنسيتها وكذلك اليوم تنسى

[ قال ] الأمر [ كذلك أتتك آياتنا فنسيتها ] تركتها ولم تؤمن بها [ وكذلك ] مثل نسيانك آياتنا [ اليوم تنسى ] تترك في النار"
20,127,"وكذلك نجزي من أسرف ولم يؤمن بآيات ربه ولعذاب الآخرة أشد وأبقى

[ وكذلك ] ومثل جزائنا من أعرض عن القرآن [ نجزي من أسرف ] أشرك [ ولم يؤمن بآيات ربه ولعذاب الآخرة أشد ] من عذاب الدنيا وعذاب القبر [ وأبقى ] أدوم"
20,128,"أفلم يهد لهم كم أهلكنا قبلهم من القرون يمشون في مساكنهم إن في ذلك لآيات لأولي النهى

[ أفلم يهد ] يتبين [ لهم ] لكفار مكة [ كم ] خبرية مفعول [ أهلكنا ] أي كثيرا إهلاكنا [ قبلهم من القرون ] أي الأمم الماضية لتكذيب الرسل [ يمشون ] حال من ضمير لهم [ في مساكنهم ] في سفرهم إلى الشام وغيرها فيعتبروا وما ذكر من أخذ إهلاك من فعله الخالي عن حرف مصدري لرعاية المعنى لا مانع منه [ إن في ذلك لآيات ] لعبرا [ لأولي النهى ] لذوي العقول"
20,129,"ولولا كلمة سبقت من ربك لكان لزاما وأجل مسمى

[ ولولا كلمة سبقت من ربك ] لتأخير العذاب عنهم إلى الآخرة [ لكان ] الإهلاك [ لزاما ] لازما لهم في الدنيا [ وأجل مسمى ] مضروب لهم معطوف على الضمير المستتر في كان وقام الفصل بخبرها مقام التأكيد"
20,130,"فاصبر على ما يقولون وسبح بحمد ربك قبل طلوع الشمس وقبل غروبها ومن آناء الليل فسبح وأطراف النهار لعلك ترضى

[ فاصبر على ما يقولون ] منسوخ بآية القتال [ وسبح ] صل [ بحمد ربك ] حال أي ملتبسا به [ قبل طلوع الشمس ] صلاة الصبح [ وقبل غروبها ] صلاة العصر [ ومن آناء الليل ] ساعاته [ فسبح ] صل المغرب والعشاء [ وأطراف النهار ] عطف على محل من آناء المنصوب أي صل الظهر لأن وقتها يدخل بزوال الشمس فهو طرف النصف الأول وطرف النصف الثاني [ لعلك ترضى ] بما تعطى من الثواب"
20,131,"ولا تمدن عينيك إلى ما متعنا به أزواجا منهم زهرة الحياة الدنيا لنفتنهم فيه ورزق ربك خير وأبقى

[ ولا تمدن عينيك إلى ما متعنا به أزواجا ] أصنافا [ منهم زهرة الحياة الدنيا ] زينتها وبهجتها [ لنفتنهم فيه ] بأن يطغوا [ ورزق ربك ] في الجنة [ خير ] مما أوتوه في الدنيا [ وأبقى ] أدوم"
20,132,"وأمر أهلك بالصلاة واصطبر عليها لا نسألك رزقا نحن نرزقك والعاقبة للتقوى

[ وأمر أهلك بالصلاة واصطبر ] اصبر [ عليها لا نسألك ] نكلفك [ رزقا ] لنفسك ولا لغيرك [ نحن نرزقك والعاقبة ] الجنة [ للتقوى ] لأهلها"
20,133,"وقالوا لولا يأتينا بآية من ربه أولم تأتهم بينة ما في الصحف الأولى

[ وقالوا ] أي المشركون [ لولا ] هلا [ يأتينا ] محمد [ بآية من ربه ] مما يقترحونه [ أولم تأتهم بينة ] بالتاء والياء [ ما ] بيان [ في الصحف الأولى ولو ] المشتمل عليه القرآن من أنباء الأمم الماضية وإهلاكهم بتكذيب الرسل"
20,134,"ولو أنا أهلكناهم بعذاب من قبله لقالوا ربنا لولا أرسلت إلينا رسولا فنتبع آياتك من قبل أن نذل ونخزى

[ ولو أنا أهلكناهم بعذاب من قبله ] قبل محمد الرسول [ لقالوا ] يوم القيامة [ ربنا لولا ] هلا [ أرسلت إلينا رسولا فنتبع آياتك ] المرسل بها [ من قبل أن نذل ] في القيامة [ ونخزى ] في جهنم"
20,135,"قل كل متربص فتربصوا فستعلمون من أصحاب الصراط السوي ومن اهتدى

[ قل ] لهم [ كل ] منا ومنكم [ متربص ] منتظر ما يؤول إليه الأمر [ فتربصوا فستعلمون ] في القيامة [ من أصحاب الصراط ] الطريق [ السوي ] المستقيم [ ومن اهتدى ] من الضلالة أنحن أم أنتم"
