surah_number,ayah_number,tafsir_text
55,1,{ الرحمن } اسم خاص من أسماء الله تعالى باعتبار إفاضة أصول النعم كلها من الأعيان وكمالاتها الأولية بحسب البداية، وإنما أورد ها هنا لعموم وصفيته الشاملة للأوصاف التي تحت معناه في المبدئية ليسند إليه الأصول المختلفة الواردة بعده. { علَّم القرآن } أي: الاستعداد الكامل الإنساني المسمى بالعقل القرآني الجامع للأشياء كلها، حقائقها وأوصافها وأحكامها إلى غير ذلك مما يمكن وجوده ويمتنع بإبداعه في الفطرة الإنسانية وركزه فيها ولأن ظهوره وبروزه إلى الفعل بتفصيل ما جمع فيه. وصيرورته فرقاناً إنما تكون بحسب النهاية ما ذكر الفرقان كما ذكره في قوله: { تَبَارَكَ ٱلَّذِي نَزَّلَ ٱلْفُرْقَانَ } [الفرقان، الآية:1] لأنه من باب الرحمة الرحيمية لا الرحمانية. { خَلَق الإنسان } أي: لما أبدع فطرته وأودع العقل القرآني فيها أبرزه في هذه النشأة بخلقه في هذه الصورة العجيبة { علّمه البيان } أي: النطق المميز إياه عن جميع ما سواه من المخلوقات ليخبر به عما في باطنه من العقل القرآني. { الشمس والقمر } أي: الروح والقلب يجريان فيه ويسيران بحساب، أي: قدر معلوم من منازلهما ومراتبهما مضبوط لا يجاوز أحدهما قدره ومرتبته التي عينت له، فلكل منهما كمالات ومراتب محدودة القدر معلومة الغاية تنتهي إليها { والنَّجم } أي: النفس الحيوانية النورانية بالشعور الحسي في ليل الجسم { والشجر } أي: النفس النباتية المنمية له. { يسجدان } بتوجههما إلى أرض الجسد ووضع جبهتهما عليها بالميل والإقبال الكلي نحوها لتربيتها وإنمائه وتكميلها. { والسماء } أي: سماء العقل { رفعها } إلى محل شمس الروح وثمر القلب { ووضع } أي: خفض ميزان العدل إلى أرض النفس والبدن. فإن العدالة هيئة نفسانية لولاها لما حصلت الفضيلة الإنسانية ومنه الاعتدال في البدن الذي لو لم يكن لما وجد ولم يبق ولما استقام أمر الدين والدنيا بالعدل، واستتب كمال النفس والبدن به بحيث لولاه لفسدا. أمر بمراعاته ومحافظته قبل تعديد الأصول بتمامها لشدة العناية به وفرط الاهتمام بأمره، فوسط بينه وبين قوله: [الرحمن، الآية:10]. قوله: { ألا تطغوا في الميزان } بالإفراط عن حدّ الفضيلة والاعتدال، فيلزم الجور الموجب للفساد { وأقيموا الوَزْن بالقِسْط } بالاستقامة في الطريقة، وملازمة حدّ الفضيلة ونقطة الاعتدال في جميع الأمور وكل القوى { ولا تخسروا الميزان } بالتفريط عن حد الفضيلة. قال بعض الحكماء: العدل ميزان الله تعالى، وضعه للخلق ونصبه للحق.
55,2,{ الرحمن } اسم خاص من أسماء الله تعالى باعتبار إفاضة أصول النعم كلها من الأعيان وكمالاتها الأولية بحسب البداية، وإنما أورد ها هنا لعموم وصفيته الشاملة للأوصاف التي تحت معناه في المبدئية ليسند إليه الأصول المختلفة الواردة بعده. { علَّم القرآن } أي: الاستعداد الكامل الإنساني المسمى بالعقل القرآني الجامع للأشياء كلها، حقائقها وأوصافها وأحكامها إلى غير ذلك مما يمكن وجوده ويمتنع بإبداعه في الفطرة الإنسانية وركزه فيها ولأن ظهوره وبروزه إلى الفعل بتفصيل ما جمع فيه. وصيرورته فرقاناً إنما تكون بحسب النهاية ما ذكر الفرقان كما ذكره في قوله: { تَبَارَكَ ٱلَّذِي نَزَّلَ ٱلْفُرْقَانَ } [الفرقان، الآية:1] لأنه من باب الرحمة الرحيمية لا الرحمانية. { خَلَق الإنسان } أي: لما أبدع فطرته وأودع العقل القرآني فيها أبرزه في هذه النشأة بخلقه في هذه الصورة العجيبة { علّمه البيان } أي: النطق المميز إياه عن جميع ما سواه من المخلوقات ليخبر به عما في باطنه من العقل القرآني. { الشمس والقمر } أي: الروح والقلب يجريان فيه ويسيران بحساب، أي: قدر معلوم من منازلهما ومراتبهما مضبوط لا يجاوز أحدهما قدره ومرتبته التي عينت له، فلكل منهما كمالات ومراتب محدودة القدر معلومة الغاية تنتهي إليها { والنَّجم } أي: النفس الحيوانية النورانية بالشعور الحسي في ليل الجسم { والشجر } أي: النفس النباتية المنمية له. { يسجدان } بتوجههما إلى أرض الجسد ووضع جبهتهما عليها بالميل والإقبال الكلي نحوها لتربيتها وإنمائه وتكميلها. { والسماء } أي: سماء العقل { رفعها } إلى محل شمس الروح وثمر القلب { ووضع } أي: خفض ميزان العدل إلى أرض النفس والبدن. فإن العدالة هيئة نفسانية لولاها لما حصلت الفضيلة الإنسانية ومنه الاعتدال في البدن الذي لو لم يكن لما وجد ولم يبق ولما استقام أمر الدين والدنيا بالعدل، واستتب كمال النفس والبدن به بحيث لولاه لفسدا. أمر بمراعاته ومحافظته قبل تعديد الأصول بتمامها لشدة العناية به وفرط الاهتمام بأمره، فوسط بينه وبين قوله: [الرحمن، الآية:10]. قوله: { ألا تطغوا في الميزان } بالإفراط عن حدّ الفضيلة والاعتدال، فيلزم الجور الموجب للفساد { وأقيموا الوَزْن بالقِسْط } بالاستقامة في الطريقة، وملازمة حدّ الفضيلة ونقطة الاعتدال في جميع الأمور وكل القوى { ولا تخسروا الميزان } بالتفريط عن حد الفضيلة. قال بعض الحكماء: العدل ميزان الله تعالى، وضعه للخلق ونصبه للحق.
55,3,{ الرحمن } اسم خاص من أسماء الله تعالى باعتبار إفاضة أصول النعم كلها من الأعيان وكمالاتها الأولية بحسب البداية، وإنما أورد ها هنا لعموم وصفيته الشاملة للأوصاف التي تحت معناه في المبدئية ليسند إليه الأصول المختلفة الواردة بعده. { علَّم القرآن } أي: الاستعداد الكامل الإنساني المسمى بالعقل القرآني الجامع للأشياء كلها، حقائقها وأوصافها وأحكامها إلى غير ذلك مما يمكن وجوده ويمتنع بإبداعه في الفطرة الإنسانية وركزه فيها ولأن ظهوره وبروزه إلى الفعل بتفصيل ما جمع فيه. وصيرورته فرقاناً إنما تكون بحسب النهاية ما ذكر الفرقان كما ذكره في قوله: { تَبَارَكَ ٱلَّذِي نَزَّلَ ٱلْفُرْقَانَ } [الفرقان، الآية:1] لأنه من باب الرحمة الرحيمية لا الرحمانية. { خَلَق الإنسان } أي: لما أبدع فطرته وأودع العقل القرآني فيها أبرزه في هذه النشأة بخلقه في هذه الصورة العجيبة { علّمه البيان } أي: النطق المميز إياه عن جميع ما سواه من المخلوقات ليخبر به عما في باطنه من العقل القرآني. { الشمس والقمر } أي: الروح والقلب يجريان فيه ويسيران بحساب، أي: قدر معلوم من منازلهما ومراتبهما مضبوط لا يجاوز أحدهما قدره ومرتبته التي عينت له، فلكل منهما كمالات ومراتب محدودة القدر معلومة الغاية تنتهي إليها { والنَّجم } أي: النفس الحيوانية النورانية بالشعور الحسي في ليل الجسم { والشجر } أي: النفس النباتية المنمية له. { يسجدان } بتوجههما إلى أرض الجسد ووضع جبهتهما عليها بالميل والإقبال الكلي نحوها لتربيتها وإنمائه وتكميلها. { والسماء } أي: سماء العقل { رفعها } إلى محل شمس الروح وثمر القلب { ووضع } أي: خفض ميزان العدل إلى أرض النفس والبدن. فإن العدالة هيئة نفسانية لولاها لما حصلت الفضيلة الإنسانية ومنه الاعتدال في البدن الذي لو لم يكن لما وجد ولم يبق ولما استقام أمر الدين والدنيا بالعدل، واستتب كمال النفس والبدن به بحيث لولاه لفسدا. أمر بمراعاته ومحافظته قبل تعديد الأصول بتمامها لشدة العناية به وفرط الاهتمام بأمره، فوسط بينه وبين قوله: [الرحمن، الآية:10]. قوله: { ألا تطغوا في الميزان } بالإفراط عن حدّ الفضيلة والاعتدال، فيلزم الجور الموجب للفساد { وأقيموا الوَزْن بالقِسْط } بالاستقامة في الطريقة، وملازمة حدّ الفضيلة ونقطة الاعتدال في جميع الأمور وكل القوى { ولا تخسروا الميزان } بالتفريط عن حد الفضيلة. قال بعض الحكماء: العدل ميزان الله تعالى، وضعه للخلق ونصبه للحق.
55,4,{ الرحمن } اسم خاص من أسماء الله تعالى باعتبار إفاضة أصول النعم كلها من الأعيان وكمالاتها الأولية بحسب البداية، وإنما أورد ها هنا لعموم وصفيته الشاملة للأوصاف التي تحت معناه في المبدئية ليسند إليه الأصول المختلفة الواردة بعده. { علَّم القرآن } أي: الاستعداد الكامل الإنساني المسمى بالعقل القرآني الجامع للأشياء كلها، حقائقها وأوصافها وأحكامها إلى غير ذلك مما يمكن وجوده ويمتنع بإبداعه في الفطرة الإنسانية وركزه فيها ولأن ظهوره وبروزه إلى الفعل بتفصيل ما جمع فيه. وصيرورته فرقاناً إنما تكون بحسب النهاية ما ذكر الفرقان كما ذكره في قوله: { تَبَارَكَ ٱلَّذِي نَزَّلَ ٱلْفُرْقَانَ } [الفرقان، الآية:1] لأنه من باب الرحمة الرحيمية لا الرحمانية. { خَلَق الإنسان } أي: لما أبدع فطرته وأودع العقل القرآني فيها أبرزه في هذه النشأة بخلقه في هذه الصورة العجيبة { علّمه البيان } أي: النطق المميز إياه عن جميع ما سواه من المخلوقات ليخبر به عما في باطنه من العقل القرآني. { الشمس والقمر } أي: الروح والقلب يجريان فيه ويسيران بحساب، أي: قدر معلوم من منازلهما ومراتبهما مضبوط لا يجاوز أحدهما قدره ومرتبته التي عينت له، فلكل منهما كمالات ومراتب محدودة القدر معلومة الغاية تنتهي إليها { والنَّجم } أي: النفس الحيوانية النورانية بالشعور الحسي في ليل الجسم { والشجر } أي: النفس النباتية المنمية له. { يسجدان } بتوجههما إلى أرض الجسد ووضع جبهتهما عليها بالميل والإقبال الكلي نحوها لتربيتها وإنمائه وتكميلها. { والسماء } أي: سماء العقل { رفعها } إلى محل شمس الروح وثمر القلب { ووضع } أي: خفض ميزان العدل إلى أرض النفس والبدن. فإن العدالة هيئة نفسانية لولاها لما حصلت الفضيلة الإنسانية ومنه الاعتدال في البدن الذي لو لم يكن لما وجد ولم يبق ولما استقام أمر الدين والدنيا بالعدل، واستتب كمال النفس والبدن به بحيث لولاه لفسدا. أمر بمراعاته ومحافظته قبل تعديد الأصول بتمامها لشدة العناية به وفرط الاهتمام بأمره، فوسط بينه وبين قوله: [الرحمن، الآية:10]. قوله: { ألا تطغوا في الميزان } بالإفراط عن حدّ الفضيلة والاعتدال، فيلزم الجور الموجب للفساد { وأقيموا الوَزْن بالقِسْط } بالاستقامة في الطريقة، وملازمة حدّ الفضيلة ونقطة الاعتدال في جميع الأمور وكل القوى { ولا تخسروا الميزان } بالتفريط عن حد الفضيلة. قال بعض الحكماء: العدل ميزان الله تعالى، وضعه للخلق ونصبه للحق.
55,5,{ الرحمن } اسم خاص من أسماء الله تعالى باعتبار إفاضة أصول النعم كلها من الأعيان وكمالاتها الأولية بحسب البداية، وإنما أورد ها هنا لعموم وصفيته الشاملة للأوصاف التي تحت معناه في المبدئية ليسند إليه الأصول المختلفة الواردة بعده. { علَّم القرآن } أي: الاستعداد الكامل الإنساني المسمى بالعقل القرآني الجامع للأشياء كلها، حقائقها وأوصافها وأحكامها إلى غير ذلك مما يمكن وجوده ويمتنع بإبداعه في الفطرة الإنسانية وركزه فيها ولأن ظهوره وبروزه إلى الفعل بتفصيل ما جمع فيه. وصيرورته فرقاناً إنما تكون بحسب النهاية ما ذكر الفرقان كما ذكره في قوله: { تَبَارَكَ ٱلَّذِي نَزَّلَ ٱلْفُرْقَانَ } [الفرقان، الآية:1] لأنه من باب الرحمة الرحيمية لا الرحمانية. { خَلَق الإنسان } أي: لما أبدع فطرته وأودع العقل القرآني فيها أبرزه في هذه النشأة بخلقه في هذه الصورة العجيبة { علّمه البيان } أي: النطق المميز إياه عن جميع ما سواه من المخلوقات ليخبر به عما في باطنه من العقل القرآني. { الشمس والقمر } أي: الروح والقلب يجريان فيه ويسيران بحساب، أي: قدر معلوم من منازلهما ومراتبهما مضبوط لا يجاوز أحدهما قدره ومرتبته التي عينت له، فلكل منهما كمالات ومراتب محدودة القدر معلومة الغاية تنتهي إليها { والنَّجم } أي: النفس الحيوانية النورانية بالشعور الحسي في ليل الجسم { والشجر } أي: النفس النباتية المنمية له. { يسجدان } بتوجههما إلى أرض الجسد ووضع جبهتهما عليها بالميل والإقبال الكلي نحوها لتربيتها وإنمائه وتكميلها. { والسماء } أي: سماء العقل { رفعها } إلى محل شمس الروح وثمر القلب { ووضع } أي: خفض ميزان العدل إلى أرض النفس والبدن. فإن العدالة هيئة نفسانية لولاها لما حصلت الفضيلة الإنسانية ومنه الاعتدال في البدن الذي لو لم يكن لما وجد ولم يبق ولما استقام أمر الدين والدنيا بالعدل، واستتب كمال النفس والبدن به بحيث لولاه لفسدا. أمر بمراعاته ومحافظته قبل تعديد الأصول بتمامها لشدة العناية به وفرط الاهتمام بأمره، فوسط بينه وبين قوله: [الرحمن، الآية:10]. قوله: { ألا تطغوا في الميزان } بالإفراط عن حدّ الفضيلة والاعتدال، فيلزم الجور الموجب للفساد { وأقيموا الوَزْن بالقِسْط } بالاستقامة في الطريقة، وملازمة حدّ الفضيلة ونقطة الاعتدال في جميع الأمور وكل القوى { ولا تخسروا الميزان } بالتفريط عن حد الفضيلة. قال بعض الحكماء: العدل ميزان الله تعالى، وضعه للخلق ونصبه للحق.
55,6,{ الرحمن } اسم خاص من أسماء الله تعالى باعتبار إفاضة أصول النعم كلها من الأعيان وكمالاتها الأولية بحسب البداية، وإنما أورد ها هنا لعموم وصفيته الشاملة للأوصاف التي تحت معناه في المبدئية ليسند إليه الأصول المختلفة الواردة بعده. { علَّم القرآن } أي: الاستعداد الكامل الإنساني المسمى بالعقل القرآني الجامع للأشياء كلها، حقائقها وأوصافها وأحكامها إلى غير ذلك مما يمكن وجوده ويمتنع بإبداعه في الفطرة الإنسانية وركزه فيها ولأن ظهوره وبروزه إلى الفعل بتفصيل ما جمع فيه. وصيرورته فرقاناً إنما تكون بحسب النهاية ما ذكر الفرقان كما ذكره في قوله: { تَبَارَكَ ٱلَّذِي نَزَّلَ ٱلْفُرْقَانَ } [الفرقان، الآية:1] لأنه من باب الرحمة الرحيمية لا الرحمانية. { خَلَق الإنسان } أي: لما أبدع فطرته وأودع العقل القرآني فيها أبرزه في هذه النشأة بخلقه في هذه الصورة العجيبة { علّمه البيان } أي: النطق المميز إياه عن جميع ما سواه من المخلوقات ليخبر به عما في باطنه من العقل القرآني. { الشمس والقمر } أي: الروح والقلب يجريان فيه ويسيران بحساب، أي: قدر معلوم من منازلهما ومراتبهما مضبوط لا يجاوز أحدهما قدره ومرتبته التي عينت له، فلكل منهما كمالات ومراتب محدودة القدر معلومة الغاية تنتهي إليها { والنَّجم } أي: النفس الحيوانية النورانية بالشعور الحسي في ليل الجسم { والشجر } أي: النفس النباتية المنمية له. { يسجدان } بتوجههما إلى أرض الجسد ووضع جبهتهما عليها بالميل والإقبال الكلي نحوها لتربيتها وإنمائه وتكميلها. { والسماء } أي: سماء العقل { رفعها } إلى محل شمس الروح وثمر القلب { ووضع } أي: خفض ميزان العدل إلى أرض النفس والبدن. فإن العدالة هيئة نفسانية لولاها لما حصلت الفضيلة الإنسانية ومنه الاعتدال في البدن الذي لو لم يكن لما وجد ولم يبق ولما استقام أمر الدين والدنيا بالعدل، واستتب كمال النفس والبدن به بحيث لولاه لفسدا. أمر بمراعاته ومحافظته قبل تعديد الأصول بتمامها لشدة العناية به وفرط الاهتمام بأمره، فوسط بينه وبين قوله: [الرحمن، الآية:10]. قوله: { ألا تطغوا في الميزان } بالإفراط عن حدّ الفضيلة والاعتدال، فيلزم الجور الموجب للفساد { وأقيموا الوَزْن بالقِسْط } بالاستقامة في الطريقة، وملازمة حدّ الفضيلة ونقطة الاعتدال في جميع الأمور وكل القوى { ولا تخسروا الميزان } بالتفريط عن حد الفضيلة. قال بعض الحكماء: العدل ميزان الله تعالى، وضعه للخلق ونصبه للحق.
55,7,{ الرحمن } اسم خاص من أسماء الله تعالى باعتبار إفاضة أصول النعم كلها من الأعيان وكمالاتها الأولية بحسب البداية، وإنما أورد ها هنا لعموم وصفيته الشاملة للأوصاف التي تحت معناه في المبدئية ليسند إليه الأصول المختلفة الواردة بعده. { علَّم القرآن } أي: الاستعداد الكامل الإنساني المسمى بالعقل القرآني الجامع للأشياء كلها، حقائقها وأوصافها وأحكامها إلى غير ذلك مما يمكن وجوده ويمتنع بإبداعه في الفطرة الإنسانية وركزه فيها ولأن ظهوره وبروزه إلى الفعل بتفصيل ما جمع فيه. وصيرورته فرقاناً إنما تكون بحسب النهاية ما ذكر الفرقان كما ذكره في قوله: { تَبَارَكَ ٱلَّذِي نَزَّلَ ٱلْفُرْقَانَ } [الفرقان، الآية:1] لأنه من باب الرحمة الرحيمية لا الرحمانية. { خَلَق الإنسان } أي: لما أبدع فطرته وأودع العقل القرآني فيها أبرزه في هذه النشأة بخلقه في هذه الصورة العجيبة { علّمه البيان } أي: النطق المميز إياه عن جميع ما سواه من المخلوقات ليخبر به عما في باطنه من العقل القرآني. { الشمس والقمر } أي: الروح والقلب يجريان فيه ويسيران بحساب، أي: قدر معلوم من منازلهما ومراتبهما مضبوط لا يجاوز أحدهما قدره ومرتبته التي عينت له، فلكل منهما كمالات ومراتب محدودة القدر معلومة الغاية تنتهي إليها { والنَّجم } أي: النفس الحيوانية النورانية بالشعور الحسي في ليل الجسم { والشجر } أي: النفس النباتية المنمية له. { يسجدان } بتوجههما إلى أرض الجسد ووضع جبهتهما عليها بالميل والإقبال الكلي نحوها لتربيتها وإنمائه وتكميلها. { والسماء } أي: سماء العقل { رفعها } إلى محل شمس الروح وثمر القلب { ووضع } أي: خفض ميزان العدل إلى أرض النفس والبدن. فإن العدالة هيئة نفسانية لولاها لما حصلت الفضيلة الإنسانية ومنه الاعتدال في البدن الذي لو لم يكن لما وجد ولم يبق ولما استقام أمر الدين والدنيا بالعدل، واستتب كمال النفس والبدن به بحيث لولاه لفسدا. أمر بمراعاته ومحافظته قبل تعديد الأصول بتمامها لشدة العناية به وفرط الاهتمام بأمره، فوسط بينه وبين قوله: [الرحمن، الآية:10]. قوله: { ألا تطغوا في الميزان } بالإفراط عن حدّ الفضيلة والاعتدال، فيلزم الجور الموجب للفساد { وأقيموا الوَزْن بالقِسْط } بالاستقامة في الطريقة، وملازمة حدّ الفضيلة ونقطة الاعتدال في جميع الأمور وكل القوى { ولا تخسروا الميزان } بالتفريط عن حد الفضيلة. قال بعض الحكماء: العدل ميزان الله تعالى، وضعه للخلق ونصبه للحق.
55,8,{ الرحمن } اسم خاص من أسماء الله تعالى باعتبار إفاضة أصول النعم كلها من الأعيان وكمالاتها الأولية بحسب البداية، وإنما أورد ها هنا لعموم وصفيته الشاملة للأوصاف التي تحت معناه في المبدئية ليسند إليه الأصول المختلفة الواردة بعده. { علَّم القرآن } أي: الاستعداد الكامل الإنساني المسمى بالعقل القرآني الجامع للأشياء كلها، حقائقها وأوصافها وأحكامها إلى غير ذلك مما يمكن وجوده ويمتنع بإبداعه في الفطرة الإنسانية وركزه فيها ولأن ظهوره وبروزه إلى الفعل بتفصيل ما جمع فيه. وصيرورته فرقاناً إنما تكون بحسب النهاية ما ذكر الفرقان كما ذكره في قوله: { تَبَارَكَ ٱلَّذِي نَزَّلَ ٱلْفُرْقَانَ } [الفرقان، الآية:1] لأنه من باب الرحمة الرحيمية لا الرحمانية. { خَلَق الإنسان } أي: لما أبدع فطرته وأودع العقل القرآني فيها أبرزه في هذه النشأة بخلقه في هذه الصورة العجيبة { علّمه البيان } أي: النطق المميز إياه عن جميع ما سواه من المخلوقات ليخبر به عما في باطنه من العقل القرآني. { الشمس والقمر } أي: الروح والقلب يجريان فيه ويسيران بحساب، أي: قدر معلوم من منازلهما ومراتبهما مضبوط لا يجاوز أحدهما قدره ومرتبته التي عينت له، فلكل منهما كمالات ومراتب محدودة القدر معلومة الغاية تنتهي إليها { والنَّجم } أي: النفس الحيوانية النورانية بالشعور الحسي في ليل الجسم { والشجر } أي: النفس النباتية المنمية له. { يسجدان } بتوجههما إلى أرض الجسد ووضع جبهتهما عليها بالميل والإقبال الكلي نحوها لتربيتها وإنمائه وتكميلها. { والسماء } أي: سماء العقل { رفعها } إلى محل شمس الروح وثمر القلب { ووضع } أي: خفض ميزان العدل إلى أرض النفس والبدن. فإن العدالة هيئة نفسانية لولاها لما حصلت الفضيلة الإنسانية ومنه الاعتدال في البدن الذي لو لم يكن لما وجد ولم يبق ولما استقام أمر الدين والدنيا بالعدل، واستتب كمال النفس والبدن به بحيث لولاه لفسدا. أمر بمراعاته ومحافظته قبل تعديد الأصول بتمامها لشدة العناية به وفرط الاهتمام بأمره، فوسط بينه وبين قوله: [الرحمن، الآية:10]. قوله: { ألا تطغوا في الميزان } بالإفراط عن حدّ الفضيلة والاعتدال، فيلزم الجور الموجب للفساد { وأقيموا الوَزْن بالقِسْط } بالاستقامة في الطريقة، وملازمة حدّ الفضيلة ونقطة الاعتدال في جميع الأمور وكل القوى { ولا تخسروا الميزان } بالتفريط عن حد الفضيلة. قال بعض الحكماء: العدل ميزان الله تعالى، وضعه للخلق ونصبه للحق.
55,9,{ الرحمن } اسم خاص من أسماء الله تعالى باعتبار إفاضة أصول النعم كلها من الأعيان وكمالاتها الأولية بحسب البداية، وإنما أورد ها هنا لعموم وصفيته الشاملة للأوصاف التي تحت معناه في المبدئية ليسند إليه الأصول المختلفة الواردة بعده. { علَّم القرآن } أي: الاستعداد الكامل الإنساني المسمى بالعقل القرآني الجامع للأشياء كلها، حقائقها وأوصافها وأحكامها إلى غير ذلك مما يمكن وجوده ويمتنع بإبداعه في الفطرة الإنسانية وركزه فيها ولأن ظهوره وبروزه إلى الفعل بتفصيل ما جمع فيه. وصيرورته فرقاناً إنما تكون بحسب النهاية ما ذكر الفرقان كما ذكره في قوله: { تَبَارَكَ ٱلَّذِي نَزَّلَ ٱلْفُرْقَانَ } [الفرقان، الآية:1] لأنه من باب الرحمة الرحيمية لا الرحمانية. { خَلَق الإنسان } أي: لما أبدع فطرته وأودع العقل القرآني فيها أبرزه في هذه النشأة بخلقه في هذه الصورة العجيبة { علّمه البيان } أي: النطق المميز إياه عن جميع ما سواه من المخلوقات ليخبر به عما في باطنه من العقل القرآني. { الشمس والقمر } أي: الروح والقلب يجريان فيه ويسيران بحساب، أي: قدر معلوم من منازلهما ومراتبهما مضبوط لا يجاوز أحدهما قدره ومرتبته التي عينت له، فلكل منهما كمالات ومراتب محدودة القدر معلومة الغاية تنتهي إليها { والنَّجم } أي: النفس الحيوانية النورانية بالشعور الحسي في ليل الجسم { والشجر } أي: النفس النباتية المنمية له. { يسجدان } بتوجههما إلى أرض الجسد ووضع جبهتهما عليها بالميل والإقبال الكلي نحوها لتربيتها وإنمائه وتكميلها. { والسماء } أي: سماء العقل { رفعها } إلى محل شمس الروح وثمر القلب { ووضع } أي: خفض ميزان العدل إلى أرض النفس والبدن. فإن العدالة هيئة نفسانية لولاها لما حصلت الفضيلة الإنسانية ومنه الاعتدال في البدن الذي لو لم يكن لما وجد ولم يبق ولما استقام أمر الدين والدنيا بالعدل، واستتب كمال النفس والبدن به بحيث لولاه لفسدا. أمر بمراعاته ومحافظته قبل تعديد الأصول بتمامها لشدة العناية به وفرط الاهتمام بأمره، فوسط بينه وبين قوله: [الرحمن، الآية:10]. قوله: { ألا تطغوا في الميزان } بالإفراط عن حدّ الفضيلة والاعتدال، فيلزم الجور الموجب للفساد { وأقيموا الوَزْن بالقِسْط } بالاستقامة في الطريقة، وملازمة حدّ الفضيلة ونقطة الاعتدال في جميع الأمور وكل القوى { ولا تخسروا الميزان } بالتفريط عن حد الفضيلة. قال بعض الحكماء: العدل ميزان الله تعالى، وضعه للخلق ونصبه للحق.
55,10,{ والأرض } أي: أرض البدن { وضعها } لهذه المخلوقات المذكورة { فيها فاكهة } أي: ما تفيد اللذات الحسية من إدراكات الحواس والمحسوسات { والنخل } أي: القوى المثمرة للذات الخيالية والوهمية الباسقة من أرض الجسد في هوى النفس { ذات الأكمام } أي: غلف اللواحق المادية { والحب } أي: القوة الغاذية التي منها لذة الذوق والأكل والشرب { ذوالعصف } أي: الشعب والأوراق الكثيرة المنبسطة على أرض البدن من الجاذبة والماسكة والهاضمة والدافعة والمغيرة والمصورة الملازمة للبدن، المقتضية لخواصها وأفعالها وما تعدّها وتهيئها وتصلحها لحفظ القوة والإنماء مما يصير بدل ما يتحلل ويزيد في الأقطار { والريحان } أي: المولدة، الموجبة لذة الوقاع التي هي أطيب اللذات الجسمانية وأسلاف البذر بتوليد مادة النوع. { فبأي آلاءِ ربكما تكذبان } من هذه النعم المعدودة أيها الظاهريون والباطنيون من الثقلين أبالنعم الظاهرة أم الباطنة: { خلق الإنسان } أي: ظاهره وجسده الذي يؤنس، أي: يبصر { من صلصال } من أكثف جواهر العناصر المختلطة الذي تغلب عليه الأرضية واليبس { كالفخار } الصلب الذي يناسب جوهر العظم الذي هو أساس البدن ودعامته { وخلق الجانّ } أي: باطنه وروحه الحيواني الذي هو مستور عن الحسّ وهو أبو الجنّ، أي: أصل القوى الحيوانية التي أقواها وأشرفها الوهم أي: الشيطان المسمّى إبليس الذي هو من ذريته { من مارج } من لهب لطيف صاف { من نار } أي: من ألطف جواهر العناصر المختلطة الذي يغلب عليه الجوهر الناري والحرّ، والمارج هو اللهب الذي فيه اضطراب، وهذه الروح دائمة الاضطراب والتحرّك. { ربّ المشرقين وربّ المغربين } أي: مشرقي الظاهر والباطن ومغربيهما بإشراق نور الوجود المطلق على ماهيات الأجساد الظاهرة وغروبه فيها باحتجابه بماهياتها وتعينها به فله في ربوبيته لكل موجود شروق بإيجاده بنور الوجود وظهوره به وغروب باختفائه فيه وتستره به يربِّه بهما.
55,11,{ والأرض } أي: أرض البدن { وضعها } لهذه المخلوقات المذكورة { فيها فاكهة } أي: ما تفيد اللذات الحسية من إدراكات الحواس والمحسوسات { والنخل } أي: القوى المثمرة للذات الخيالية والوهمية الباسقة من أرض الجسد في هوى النفس { ذات الأكمام } أي: غلف اللواحق المادية { والحب } أي: القوة الغاذية التي منها لذة الذوق والأكل والشرب { ذوالعصف } أي: الشعب والأوراق الكثيرة المنبسطة على أرض البدن من الجاذبة والماسكة والهاضمة والدافعة والمغيرة والمصورة الملازمة للبدن، المقتضية لخواصها وأفعالها وما تعدّها وتهيئها وتصلحها لحفظ القوة والإنماء مما يصير بدل ما يتحلل ويزيد في الأقطار { والريحان } أي: المولدة، الموجبة لذة الوقاع التي هي أطيب اللذات الجسمانية وأسلاف البذر بتوليد مادة النوع. { فبأي آلاءِ ربكما تكذبان } من هذه النعم المعدودة أيها الظاهريون والباطنيون من الثقلين أبالنعم الظاهرة أم الباطنة: { خلق الإنسان } أي: ظاهره وجسده الذي يؤنس، أي: يبصر { من صلصال } من أكثف جواهر العناصر المختلطة الذي تغلب عليه الأرضية واليبس { كالفخار } الصلب الذي يناسب جوهر العظم الذي هو أساس البدن ودعامته { وخلق الجانّ } أي: باطنه وروحه الحيواني الذي هو مستور عن الحسّ وهو أبو الجنّ، أي: أصل القوى الحيوانية التي أقواها وأشرفها الوهم أي: الشيطان المسمّى إبليس الذي هو من ذريته { من مارج } من لهب لطيف صاف { من نار } أي: من ألطف جواهر العناصر المختلطة الذي يغلب عليه الجوهر الناري والحرّ، والمارج هو اللهب الذي فيه اضطراب، وهذه الروح دائمة الاضطراب والتحرّك. { ربّ المشرقين وربّ المغربين } أي: مشرقي الظاهر والباطن ومغربيهما بإشراق نور الوجود المطلق على ماهيات الأجساد الظاهرة وغروبه فيها باحتجابه بماهياتها وتعينها به فله في ربوبيته لكل موجود شروق بإيجاده بنور الوجود وظهوره به وغروب باختفائه فيه وتستره به يربِّه بهما.
55,12,{ والأرض } أي: أرض البدن { وضعها } لهذه المخلوقات المذكورة { فيها فاكهة } أي: ما تفيد اللذات الحسية من إدراكات الحواس والمحسوسات { والنخل } أي: القوى المثمرة للذات الخيالية والوهمية الباسقة من أرض الجسد في هوى النفس { ذات الأكمام } أي: غلف اللواحق المادية { والحب } أي: القوة الغاذية التي منها لذة الذوق والأكل والشرب { ذوالعصف } أي: الشعب والأوراق الكثيرة المنبسطة على أرض البدن من الجاذبة والماسكة والهاضمة والدافعة والمغيرة والمصورة الملازمة للبدن، المقتضية لخواصها وأفعالها وما تعدّها وتهيئها وتصلحها لحفظ القوة والإنماء مما يصير بدل ما يتحلل ويزيد في الأقطار { والريحان } أي: المولدة، الموجبة لذة الوقاع التي هي أطيب اللذات الجسمانية وأسلاف البذر بتوليد مادة النوع. { فبأي آلاءِ ربكما تكذبان } من هذه النعم المعدودة أيها الظاهريون والباطنيون من الثقلين أبالنعم الظاهرة أم الباطنة: { خلق الإنسان } أي: ظاهره وجسده الذي يؤنس، أي: يبصر { من صلصال } من أكثف جواهر العناصر المختلطة الذي تغلب عليه الأرضية واليبس { كالفخار } الصلب الذي يناسب جوهر العظم الذي هو أساس البدن ودعامته { وخلق الجانّ } أي: باطنه وروحه الحيواني الذي هو مستور عن الحسّ وهو أبو الجنّ، أي: أصل القوى الحيوانية التي أقواها وأشرفها الوهم أي: الشيطان المسمّى إبليس الذي هو من ذريته { من مارج } من لهب لطيف صاف { من نار } أي: من ألطف جواهر العناصر المختلطة الذي يغلب عليه الجوهر الناري والحرّ، والمارج هو اللهب الذي فيه اضطراب، وهذه الروح دائمة الاضطراب والتحرّك. { ربّ المشرقين وربّ المغربين } أي: مشرقي الظاهر والباطن ومغربيهما بإشراق نور الوجود المطلق على ماهيات الأجساد الظاهرة وغروبه فيها باحتجابه بماهياتها وتعينها به فله في ربوبيته لكل موجود شروق بإيجاده بنور الوجود وظهوره به وغروب باختفائه فيه وتستره به يربِّه بهما.
55,13,{ والأرض } أي: أرض البدن { وضعها } لهذه المخلوقات المذكورة { فيها فاكهة } أي: ما تفيد اللذات الحسية من إدراكات الحواس والمحسوسات { والنخل } أي: القوى المثمرة للذات الخيالية والوهمية الباسقة من أرض الجسد في هوى النفس { ذات الأكمام } أي: غلف اللواحق المادية { والحب } أي: القوة الغاذية التي منها لذة الذوق والأكل والشرب { ذوالعصف } أي: الشعب والأوراق الكثيرة المنبسطة على أرض البدن من الجاذبة والماسكة والهاضمة والدافعة والمغيرة والمصورة الملازمة للبدن، المقتضية لخواصها وأفعالها وما تعدّها وتهيئها وتصلحها لحفظ القوة والإنماء مما يصير بدل ما يتحلل ويزيد في الأقطار { والريحان } أي: المولدة، الموجبة لذة الوقاع التي هي أطيب اللذات الجسمانية وأسلاف البذر بتوليد مادة النوع. { فبأي آلاءِ ربكما تكذبان } من هذه النعم المعدودة أيها الظاهريون والباطنيون من الثقلين أبالنعم الظاهرة أم الباطنة: { خلق الإنسان } أي: ظاهره وجسده الذي يؤنس، أي: يبصر { من صلصال } من أكثف جواهر العناصر المختلطة الذي تغلب عليه الأرضية واليبس { كالفخار } الصلب الذي يناسب جوهر العظم الذي هو أساس البدن ودعامته { وخلق الجانّ } أي: باطنه وروحه الحيواني الذي هو مستور عن الحسّ وهو أبو الجنّ، أي: أصل القوى الحيوانية التي أقواها وأشرفها الوهم أي: الشيطان المسمّى إبليس الذي هو من ذريته { من مارج } من لهب لطيف صاف { من نار } أي: من ألطف جواهر العناصر المختلطة الذي يغلب عليه الجوهر الناري والحرّ، والمارج هو اللهب الذي فيه اضطراب، وهذه الروح دائمة الاضطراب والتحرّك. { ربّ المشرقين وربّ المغربين } أي: مشرقي الظاهر والباطن ومغربيهما بإشراق نور الوجود المطلق على ماهيات الأجساد الظاهرة وغروبه فيها باحتجابه بماهياتها وتعينها به فله في ربوبيته لكل موجود شروق بإيجاده بنور الوجود وظهوره به وغروب باختفائه فيه وتستره به يربِّه بهما.
55,14,{ والأرض } أي: أرض البدن { وضعها } لهذه المخلوقات المذكورة { فيها فاكهة } أي: ما تفيد اللذات الحسية من إدراكات الحواس والمحسوسات { والنخل } أي: القوى المثمرة للذات الخيالية والوهمية الباسقة من أرض الجسد في هوى النفس { ذات الأكمام } أي: غلف اللواحق المادية { والحب } أي: القوة الغاذية التي منها لذة الذوق والأكل والشرب { ذوالعصف } أي: الشعب والأوراق الكثيرة المنبسطة على أرض البدن من الجاذبة والماسكة والهاضمة والدافعة والمغيرة والمصورة الملازمة للبدن، المقتضية لخواصها وأفعالها وما تعدّها وتهيئها وتصلحها لحفظ القوة والإنماء مما يصير بدل ما يتحلل ويزيد في الأقطار { والريحان } أي: المولدة، الموجبة لذة الوقاع التي هي أطيب اللذات الجسمانية وأسلاف البذر بتوليد مادة النوع. { فبأي آلاءِ ربكما تكذبان } من هذه النعم المعدودة أيها الظاهريون والباطنيون من الثقلين أبالنعم الظاهرة أم الباطنة: { خلق الإنسان } أي: ظاهره وجسده الذي يؤنس، أي: يبصر { من صلصال } من أكثف جواهر العناصر المختلطة الذي تغلب عليه الأرضية واليبس { كالفخار } الصلب الذي يناسب جوهر العظم الذي هو أساس البدن ودعامته { وخلق الجانّ } أي: باطنه وروحه الحيواني الذي هو مستور عن الحسّ وهو أبو الجنّ، أي: أصل القوى الحيوانية التي أقواها وأشرفها الوهم أي: الشيطان المسمّى إبليس الذي هو من ذريته { من مارج } من لهب لطيف صاف { من نار } أي: من ألطف جواهر العناصر المختلطة الذي يغلب عليه الجوهر الناري والحرّ، والمارج هو اللهب الذي فيه اضطراب، وهذه الروح دائمة الاضطراب والتحرّك. { ربّ المشرقين وربّ المغربين } أي: مشرقي الظاهر والباطن ومغربيهما بإشراق نور الوجود المطلق على ماهيات الأجساد الظاهرة وغروبه فيها باحتجابه بماهياتها وتعينها به فله في ربوبيته لكل موجود شروق بإيجاده بنور الوجود وظهوره به وغروب باختفائه فيه وتستره به يربِّه بهما.
55,15,{ والأرض } أي: أرض البدن { وضعها } لهذه المخلوقات المذكورة { فيها فاكهة } أي: ما تفيد اللذات الحسية من إدراكات الحواس والمحسوسات { والنخل } أي: القوى المثمرة للذات الخيالية والوهمية الباسقة من أرض الجسد في هوى النفس { ذات الأكمام } أي: غلف اللواحق المادية { والحب } أي: القوة الغاذية التي منها لذة الذوق والأكل والشرب { ذوالعصف } أي: الشعب والأوراق الكثيرة المنبسطة على أرض البدن من الجاذبة والماسكة والهاضمة والدافعة والمغيرة والمصورة الملازمة للبدن، المقتضية لخواصها وأفعالها وما تعدّها وتهيئها وتصلحها لحفظ القوة والإنماء مما يصير بدل ما يتحلل ويزيد في الأقطار { والريحان } أي: المولدة، الموجبة لذة الوقاع التي هي أطيب اللذات الجسمانية وأسلاف البذر بتوليد مادة النوع. { فبأي آلاءِ ربكما تكذبان } من هذه النعم المعدودة أيها الظاهريون والباطنيون من الثقلين أبالنعم الظاهرة أم الباطنة: { خلق الإنسان } أي: ظاهره وجسده الذي يؤنس، أي: يبصر { من صلصال } من أكثف جواهر العناصر المختلطة الذي تغلب عليه الأرضية واليبس { كالفخار } الصلب الذي يناسب جوهر العظم الذي هو أساس البدن ودعامته { وخلق الجانّ } أي: باطنه وروحه الحيواني الذي هو مستور عن الحسّ وهو أبو الجنّ، أي: أصل القوى الحيوانية التي أقواها وأشرفها الوهم أي: الشيطان المسمّى إبليس الذي هو من ذريته { من مارج } من لهب لطيف صاف { من نار } أي: من ألطف جواهر العناصر المختلطة الذي يغلب عليه الجوهر الناري والحرّ، والمارج هو اللهب الذي فيه اضطراب، وهذه الروح دائمة الاضطراب والتحرّك. { ربّ المشرقين وربّ المغربين } أي: مشرقي الظاهر والباطن ومغربيهما بإشراق نور الوجود المطلق على ماهيات الأجساد الظاهرة وغروبه فيها باحتجابه بماهياتها وتعينها به فله في ربوبيته لكل موجود شروق بإيجاده بنور الوجود وظهوره به وغروب باختفائه فيه وتستره به يربِّه بهما.
55,16,{ والأرض } أي: أرض البدن { وضعها } لهذه المخلوقات المذكورة { فيها فاكهة } أي: ما تفيد اللذات الحسية من إدراكات الحواس والمحسوسات { والنخل } أي: القوى المثمرة للذات الخيالية والوهمية الباسقة من أرض الجسد في هوى النفس { ذات الأكمام } أي: غلف اللواحق المادية { والحب } أي: القوة الغاذية التي منها لذة الذوق والأكل والشرب { ذوالعصف } أي: الشعب والأوراق الكثيرة المنبسطة على أرض البدن من الجاذبة والماسكة والهاضمة والدافعة والمغيرة والمصورة الملازمة للبدن، المقتضية لخواصها وأفعالها وما تعدّها وتهيئها وتصلحها لحفظ القوة والإنماء مما يصير بدل ما يتحلل ويزيد في الأقطار { والريحان } أي: المولدة، الموجبة لذة الوقاع التي هي أطيب اللذات الجسمانية وأسلاف البذر بتوليد مادة النوع. { فبأي آلاءِ ربكما تكذبان } من هذه النعم المعدودة أيها الظاهريون والباطنيون من الثقلين أبالنعم الظاهرة أم الباطنة: { خلق الإنسان } أي: ظاهره وجسده الذي يؤنس، أي: يبصر { من صلصال } من أكثف جواهر العناصر المختلطة الذي تغلب عليه الأرضية واليبس { كالفخار } الصلب الذي يناسب جوهر العظم الذي هو أساس البدن ودعامته { وخلق الجانّ } أي: باطنه وروحه الحيواني الذي هو مستور عن الحسّ وهو أبو الجنّ، أي: أصل القوى الحيوانية التي أقواها وأشرفها الوهم أي: الشيطان المسمّى إبليس الذي هو من ذريته { من مارج } من لهب لطيف صاف { من نار } أي: من ألطف جواهر العناصر المختلطة الذي يغلب عليه الجوهر الناري والحرّ، والمارج هو اللهب الذي فيه اضطراب، وهذه الروح دائمة الاضطراب والتحرّك. { ربّ المشرقين وربّ المغربين } أي: مشرقي الظاهر والباطن ومغربيهما بإشراق نور الوجود المطلق على ماهيات الأجساد الظاهرة وغروبه فيها باحتجابه بماهياتها وتعينها به فله في ربوبيته لكل موجود شروق بإيجاده بنور الوجود وظهوره به وغروب باختفائه فيه وتستره به يربِّه بهما.
55,17,{ والأرض } أي: أرض البدن { وضعها } لهذه المخلوقات المذكورة { فيها فاكهة } أي: ما تفيد اللذات الحسية من إدراكات الحواس والمحسوسات { والنخل } أي: القوى المثمرة للذات الخيالية والوهمية الباسقة من أرض الجسد في هوى النفس { ذات الأكمام } أي: غلف اللواحق المادية { والحب } أي: القوة الغاذية التي منها لذة الذوق والأكل والشرب { ذوالعصف } أي: الشعب والأوراق الكثيرة المنبسطة على أرض البدن من الجاذبة والماسكة والهاضمة والدافعة والمغيرة والمصورة الملازمة للبدن، المقتضية لخواصها وأفعالها وما تعدّها وتهيئها وتصلحها لحفظ القوة والإنماء مما يصير بدل ما يتحلل ويزيد في الأقطار { والريحان } أي: المولدة، الموجبة لذة الوقاع التي هي أطيب اللذات الجسمانية وأسلاف البذر بتوليد مادة النوع. { فبأي آلاءِ ربكما تكذبان } من هذه النعم المعدودة أيها الظاهريون والباطنيون من الثقلين أبالنعم الظاهرة أم الباطنة: { خلق الإنسان } أي: ظاهره وجسده الذي يؤنس، أي: يبصر { من صلصال } من أكثف جواهر العناصر المختلطة الذي تغلب عليه الأرضية واليبس { كالفخار } الصلب الذي يناسب جوهر العظم الذي هو أساس البدن ودعامته { وخلق الجانّ } أي: باطنه وروحه الحيواني الذي هو مستور عن الحسّ وهو أبو الجنّ، أي: أصل القوى الحيوانية التي أقواها وأشرفها الوهم أي: الشيطان المسمّى إبليس الذي هو من ذريته { من مارج } من لهب لطيف صاف { من نار } أي: من ألطف جواهر العناصر المختلطة الذي يغلب عليه الجوهر الناري والحرّ، والمارج هو اللهب الذي فيه اضطراب، وهذه الروح دائمة الاضطراب والتحرّك. { ربّ المشرقين وربّ المغربين } أي: مشرقي الظاهر والباطن ومغربيهما بإشراق نور الوجود المطلق على ماهيات الأجساد الظاهرة وغروبه فيها باحتجابه بماهياتها وتعينها به فله في ربوبيته لكل موجود شروق بإيجاده بنور الوجود وظهوره به وغروب باختفائه فيه وتستره به يربِّه بهما.
55,18,{ والأرض } أي: أرض البدن { وضعها } لهذه المخلوقات المذكورة { فيها فاكهة } أي: ما تفيد اللذات الحسية من إدراكات الحواس والمحسوسات { والنخل } أي: القوى المثمرة للذات الخيالية والوهمية الباسقة من أرض الجسد في هوى النفس { ذات الأكمام } أي: غلف اللواحق المادية { والحب } أي: القوة الغاذية التي منها لذة الذوق والأكل والشرب { ذوالعصف } أي: الشعب والأوراق الكثيرة المنبسطة على أرض البدن من الجاذبة والماسكة والهاضمة والدافعة والمغيرة والمصورة الملازمة للبدن، المقتضية لخواصها وأفعالها وما تعدّها وتهيئها وتصلحها لحفظ القوة والإنماء مما يصير بدل ما يتحلل ويزيد في الأقطار { والريحان } أي: المولدة، الموجبة لذة الوقاع التي هي أطيب اللذات الجسمانية وأسلاف البذر بتوليد مادة النوع. { فبأي آلاءِ ربكما تكذبان } من هذه النعم المعدودة أيها الظاهريون والباطنيون من الثقلين أبالنعم الظاهرة أم الباطنة: { خلق الإنسان } أي: ظاهره وجسده الذي يؤنس، أي: يبصر { من صلصال } من أكثف جواهر العناصر المختلطة الذي تغلب عليه الأرضية واليبس { كالفخار } الصلب الذي يناسب جوهر العظم الذي هو أساس البدن ودعامته { وخلق الجانّ } أي: باطنه وروحه الحيواني الذي هو مستور عن الحسّ وهو أبو الجنّ، أي: أصل القوى الحيوانية التي أقواها وأشرفها الوهم أي: الشيطان المسمّى إبليس الذي هو من ذريته { من مارج } من لهب لطيف صاف { من نار } أي: من ألطف جواهر العناصر المختلطة الذي يغلب عليه الجوهر الناري والحرّ، والمارج هو اللهب الذي فيه اضطراب، وهذه الروح دائمة الاضطراب والتحرّك. { ربّ المشرقين وربّ المغربين } أي: مشرقي الظاهر والباطن ومغربيهما بإشراق نور الوجود المطلق على ماهيات الأجساد الظاهرة وغروبه فيها باحتجابه بماهياتها وتعينها به فله في ربوبيته لكل موجود شروق بإيجاده بنور الوجود وظهوره به وغروب باختفائه فيه وتستره به يربِّه بهما.
55,19,{ مرج البحرين } بحر الهيولى الجسمانية الذي هو الملح الأجاج وبحر الروح المجرد الذي هو العذاب الفرات { يلتقيان } في الوجود الإنساني { بينهما برزخ } هو النفس الحيوانية التي ليست في صفاء الأرواح المجردة ولطافتها ولا في كدورة الأجساد الهيولانية وكثافتها { لا يبغيان } لا يتجاوز حدّهما حدّه فيغلب على الآخر بخاصيته فلا الروح يجرّد البدن ويمزج به ويجعله من جنسه ولا البدن يجمد الروح ويجعله مادياً، سبحان خالق الخلق القادر على ما يشاء. { يخرج منهما } بتركيبهما والتقائهما لؤلؤ العلوم الكلية ومرجان العلوم الجزئية، أي: لؤلؤ الحقائق والمعارف ومرجان العلوم النافعة كالأخلاق والشرائع. { وله الجوار } أي: أوضاع الشريعة ومقامات الطريقة التي يركبها السالكون، السائرون إلى الله في لجّة هذا البحر المريح، فينجون ويعبرون إلى المقصد. وتشبيهها بالأعلام إشارة إلى شهرتها وكونه معروفة كما تسمى شعائر الله ومعالم الدين. { المنشآت } أي: المرفوعات الشرع وشرعها الأشواق والإرادات التي تجري عند ارتفاعها وتعلقها بالعالم العلوي بقوة رياح النفحات الإلهية سفينة الشريعة والطريقة براكبها إلى مقصد الكمال الحقيقي الذي هو الفناء في الله، ولهذا قال عقيبه: { كل من عليها فان } أي: كل من على الجواري السائرة واصل إلى الحق بالفناء فيه، أو كل من على أرض الجسد من الأعيان المفصلة كالروح والعقل والقلب والنفس ومنازلها ومقاماتها ومراتبها، فانٍ عند الوصول إلى المقصود { ويبقى وجه ربّك } الباقي بعد فناء الخلق، أي: ذاته مع جميع صفاته { ذو الجلال } أي: العظمة والعلوّ بالاحتجاب بالحجب النورانية والظلمانية والظهور بصفة القهر والسلطنة { والإكرام } بالقرب والدنو في صور تجليات الصفات وعند ظهورالذات بصفة اللطف والرحمة. { يسأله من في السموات } من أهل الملكوت والجبروت { ومن في الأرض } من الجنّ والإنس، والمراد: يسأله كل شيء فغلب العقلاء وأتى بلفظ من أي كل شيء يسأله بلسان الاستعداد والافتقار دائماً. { كل يوم هو في شأن } بإفاضة ما يناسب كل استعداد ويستحقه فله كل وقت في كل خلق شأن بإفاضة ما يستحقه ويستأهله باستعداده، فمن استعدّ بالتصفية والتزكية للكمالات الخيرية والأنوار يفيضها عليه مع حصول الاستعداد، ومن استعدّ بتكدير جوهر نفسه بالهيئات المظلمة والرذائل ولوث العقائد الفاسدة، والخبائث للشرور والمكاره وأنواع الآلام والمصائب والعذاب والوبال يفيضها عليه مع حصول الاستعداد. وهذا معنى قوله: { سنفرغ لكم أيُّه الثقلان } لأنه تهديد وزجر عن الأمور التي بها يستحق العقاب، وسميا ثقلين لكونهما سفليين مائلين إلى أرض الجسم.
55,20,{ مرج البحرين } بحر الهيولى الجسمانية الذي هو الملح الأجاج وبحر الروح المجرد الذي هو العذاب الفرات { يلتقيان } في الوجود الإنساني { بينهما برزخ } هو النفس الحيوانية التي ليست في صفاء الأرواح المجردة ولطافتها ولا في كدورة الأجساد الهيولانية وكثافتها { لا يبغيان } لا يتجاوز حدّهما حدّه فيغلب على الآخر بخاصيته فلا الروح يجرّد البدن ويمزج به ويجعله من جنسه ولا البدن يجمد الروح ويجعله مادياً، سبحان خالق الخلق القادر على ما يشاء. { يخرج منهما } بتركيبهما والتقائهما لؤلؤ العلوم الكلية ومرجان العلوم الجزئية، أي: لؤلؤ الحقائق والمعارف ومرجان العلوم النافعة كالأخلاق والشرائع. { وله الجوار } أي: أوضاع الشريعة ومقامات الطريقة التي يركبها السالكون، السائرون إلى الله في لجّة هذا البحر المريح، فينجون ويعبرون إلى المقصد. وتشبيهها بالأعلام إشارة إلى شهرتها وكونه معروفة كما تسمى شعائر الله ومعالم الدين. { المنشآت } أي: المرفوعات الشرع وشرعها الأشواق والإرادات التي تجري عند ارتفاعها وتعلقها بالعالم العلوي بقوة رياح النفحات الإلهية سفينة الشريعة والطريقة براكبها إلى مقصد الكمال الحقيقي الذي هو الفناء في الله، ولهذا قال عقيبه: { كل من عليها فان } أي: كل من على الجواري السائرة واصل إلى الحق بالفناء فيه، أو كل من على أرض الجسد من الأعيان المفصلة كالروح والعقل والقلب والنفس ومنازلها ومقاماتها ومراتبها، فانٍ عند الوصول إلى المقصود { ويبقى وجه ربّك } الباقي بعد فناء الخلق، أي: ذاته مع جميع صفاته { ذو الجلال } أي: العظمة والعلوّ بالاحتجاب بالحجب النورانية والظلمانية والظهور بصفة القهر والسلطنة { والإكرام } بالقرب والدنو في صور تجليات الصفات وعند ظهورالذات بصفة اللطف والرحمة. { يسأله من في السموات } من أهل الملكوت والجبروت { ومن في الأرض } من الجنّ والإنس، والمراد: يسأله كل شيء فغلب العقلاء وأتى بلفظ من أي كل شيء يسأله بلسان الاستعداد والافتقار دائماً. { كل يوم هو في شأن } بإفاضة ما يناسب كل استعداد ويستحقه فله كل وقت في كل خلق شأن بإفاضة ما يستحقه ويستأهله باستعداده، فمن استعدّ بالتصفية والتزكية للكمالات الخيرية والأنوار يفيضها عليه مع حصول الاستعداد، ومن استعدّ بتكدير جوهر نفسه بالهيئات المظلمة والرذائل ولوث العقائد الفاسدة، والخبائث للشرور والمكاره وأنواع الآلام والمصائب والعذاب والوبال يفيضها عليه مع حصول الاستعداد. وهذا معنى قوله: { سنفرغ لكم أيُّه الثقلان } لأنه تهديد وزجر عن الأمور التي بها يستحق العقاب، وسميا ثقلين لكونهما سفليين مائلين إلى أرض الجسم.
55,21,{ مرج البحرين } بحر الهيولى الجسمانية الذي هو الملح الأجاج وبحر الروح المجرد الذي هو العذاب الفرات { يلتقيان } في الوجود الإنساني { بينهما برزخ } هو النفس الحيوانية التي ليست في صفاء الأرواح المجردة ولطافتها ولا في كدورة الأجساد الهيولانية وكثافتها { لا يبغيان } لا يتجاوز حدّهما حدّه فيغلب على الآخر بخاصيته فلا الروح يجرّد البدن ويمزج به ويجعله من جنسه ولا البدن يجمد الروح ويجعله مادياً، سبحان خالق الخلق القادر على ما يشاء. { يخرج منهما } بتركيبهما والتقائهما لؤلؤ العلوم الكلية ومرجان العلوم الجزئية، أي: لؤلؤ الحقائق والمعارف ومرجان العلوم النافعة كالأخلاق والشرائع. { وله الجوار } أي: أوضاع الشريعة ومقامات الطريقة التي يركبها السالكون، السائرون إلى الله في لجّة هذا البحر المريح، فينجون ويعبرون إلى المقصد. وتشبيهها بالأعلام إشارة إلى شهرتها وكونه معروفة كما تسمى شعائر الله ومعالم الدين. { المنشآت } أي: المرفوعات الشرع وشرعها الأشواق والإرادات التي تجري عند ارتفاعها وتعلقها بالعالم العلوي بقوة رياح النفحات الإلهية سفينة الشريعة والطريقة براكبها إلى مقصد الكمال الحقيقي الذي هو الفناء في الله، ولهذا قال عقيبه: { كل من عليها فان } أي: كل من على الجواري السائرة واصل إلى الحق بالفناء فيه، أو كل من على أرض الجسد من الأعيان المفصلة كالروح والعقل والقلب والنفس ومنازلها ومقاماتها ومراتبها، فانٍ عند الوصول إلى المقصود { ويبقى وجه ربّك } الباقي بعد فناء الخلق، أي: ذاته مع جميع صفاته { ذو الجلال } أي: العظمة والعلوّ بالاحتجاب بالحجب النورانية والظلمانية والظهور بصفة القهر والسلطنة { والإكرام } بالقرب والدنو في صور تجليات الصفات وعند ظهورالذات بصفة اللطف والرحمة. { يسأله من في السموات } من أهل الملكوت والجبروت { ومن في الأرض } من الجنّ والإنس، والمراد: يسأله كل شيء فغلب العقلاء وأتى بلفظ من أي كل شيء يسأله بلسان الاستعداد والافتقار دائماً. { كل يوم هو في شأن } بإفاضة ما يناسب كل استعداد ويستحقه فله كل وقت في كل خلق شأن بإفاضة ما يستحقه ويستأهله باستعداده، فمن استعدّ بالتصفية والتزكية للكمالات الخيرية والأنوار يفيضها عليه مع حصول الاستعداد، ومن استعدّ بتكدير جوهر نفسه بالهيئات المظلمة والرذائل ولوث العقائد الفاسدة، والخبائث للشرور والمكاره وأنواع الآلام والمصائب والعذاب والوبال يفيضها عليه مع حصول الاستعداد. وهذا معنى قوله: { سنفرغ لكم أيُّه الثقلان } لأنه تهديد وزجر عن الأمور التي بها يستحق العقاب، وسميا ثقلين لكونهما سفليين مائلين إلى أرض الجسم.
55,22,{ مرج البحرين } بحر الهيولى الجسمانية الذي هو الملح الأجاج وبحر الروح المجرد الذي هو العذاب الفرات { يلتقيان } في الوجود الإنساني { بينهما برزخ } هو النفس الحيوانية التي ليست في صفاء الأرواح المجردة ولطافتها ولا في كدورة الأجساد الهيولانية وكثافتها { لا يبغيان } لا يتجاوز حدّهما حدّه فيغلب على الآخر بخاصيته فلا الروح يجرّد البدن ويمزج به ويجعله من جنسه ولا البدن يجمد الروح ويجعله مادياً، سبحان خالق الخلق القادر على ما يشاء. { يخرج منهما } بتركيبهما والتقائهما لؤلؤ العلوم الكلية ومرجان العلوم الجزئية، أي: لؤلؤ الحقائق والمعارف ومرجان العلوم النافعة كالأخلاق والشرائع. { وله الجوار } أي: أوضاع الشريعة ومقامات الطريقة التي يركبها السالكون، السائرون إلى الله في لجّة هذا البحر المريح، فينجون ويعبرون إلى المقصد. وتشبيهها بالأعلام إشارة إلى شهرتها وكونه معروفة كما تسمى شعائر الله ومعالم الدين. { المنشآت } أي: المرفوعات الشرع وشرعها الأشواق والإرادات التي تجري عند ارتفاعها وتعلقها بالعالم العلوي بقوة رياح النفحات الإلهية سفينة الشريعة والطريقة براكبها إلى مقصد الكمال الحقيقي الذي هو الفناء في الله، ولهذا قال عقيبه: { كل من عليها فان } أي: كل من على الجواري السائرة واصل إلى الحق بالفناء فيه، أو كل من على أرض الجسد من الأعيان المفصلة كالروح والعقل والقلب والنفس ومنازلها ومقاماتها ومراتبها، فانٍ عند الوصول إلى المقصود { ويبقى وجه ربّك } الباقي بعد فناء الخلق، أي: ذاته مع جميع صفاته { ذو الجلال } أي: العظمة والعلوّ بالاحتجاب بالحجب النورانية والظلمانية والظهور بصفة القهر والسلطنة { والإكرام } بالقرب والدنو في صور تجليات الصفات وعند ظهورالذات بصفة اللطف والرحمة. { يسأله من في السموات } من أهل الملكوت والجبروت { ومن في الأرض } من الجنّ والإنس، والمراد: يسأله كل شيء فغلب العقلاء وأتى بلفظ من أي كل شيء يسأله بلسان الاستعداد والافتقار دائماً. { كل يوم هو في شأن } بإفاضة ما يناسب كل استعداد ويستحقه فله كل وقت في كل خلق شأن بإفاضة ما يستحقه ويستأهله باستعداده، فمن استعدّ بالتصفية والتزكية للكمالات الخيرية والأنوار يفيضها عليه مع حصول الاستعداد، ومن استعدّ بتكدير جوهر نفسه بالهيئات المظلمة والرذائل ولوث العقائد الفاسدة، والخبائث للشرور والمكاره وأنواع الآلام والمصائب والعذاب والوبال يفيضها عليه مع حصول الاستعداد. وهذا معنى قوله: { سنفرغ لكم أيُّه الثقلان } لأنه تهديد وزجر عن الأمور التي بها يستحق العقاب، وسميا ثقلين لكونهما سفليين مائلين إلى أرض الجسم.
55,23,{ مرج البحرين } بحر الهيولى الجسمانية الذي هو الملح الأجاج وبحر الروح المجرد الذي هو العذاب الفرات { يلتقيان } في الوجود الإنساني { بينهما برزخ } هو النفس الحيوانية التي ليست في صفاء الأرواح المجردة ولطافتها ولا في كدورة الأجساد الهيولانية وكثافتها { لا يبغيان } لا يتجاوز حدّهما حدّه فيغلب على الآخر بخاصيته فلا الروح يجرّد البدن ويمزج به ويجعله من جنسه ولا البدن يجمد الروح ويجعله مادياً، سبحان خالق الخلق القادر على ما يشاء. { يخرج منهما } بتركيبهما والتقائهما لؤلؤ العلوم الكلية ومرجان العلوم الجزئية، أي: لؤلؤ الحقائق والمعارف ومرجان العلوم النافعة كالأخلاق والشرائع. { وله الجوار } أي: أوضاع الشريعة ومقامات الطريقة التي يركبها السالكون، السائرون إلى الله في لجّة هذا البحر المريح، فينجون ويعبرون إلى المقصد. وتشبيهها بالأعلام إشارة إلى شهرتها وكونه معروفة كما تسمى شعائر الله ومعالم الدين. { المنشآت } أي: المرفوعات الشرع وشرعها الأشواق والإرادات التي تجري عند ارتفاعها وتعلقها بالعالم العلوي بقوة رياح النفحات الإلهية سفينة الشريعة والطريقة براكبها إلى مقصد الكمال الحقيقي الذي هو الفناء في الله، ولهذا قال عقيبه: { كل من عليها فان } أي: كل من على الجواري السائرة واصل إلى الحق بالفناء فيه، أو كل من على أرض الجسد من الأعيان المفصلة كالروح والعقل والقلب والنفس ومنازلها ومقاماتها ومراتبها، فانٍ عند الوصول إلى المقصود { ويبقى وجه ربّك } الباقي بعد فناء الخلق، أي: ذاته مع جميع صفاته { ذو الجلال } أي: العظمة والعلوّ بالاحتجاب بالحجب النورانية والظلمانية والظهور بصفة القهر والسلطنة { والإكرام } بالقرب والدنو في صور تجليات الصفات وعند ظهورالذات بصفة اللطف والرحمة. { يسأله من في السموات } من أهل الملكوت والجبروت { ومن في الأرض } من الجنّ والإنس، والمراد: يسأله كل شيء فغلب العقلاء وأتى بلفظ من أي كل شيء يسأله بلسان الاستعداد والافتقار دائماً. { كل يوم هو في شأن } بإفاضة ما يناسب كل استعداد ويستحقه فله كل وقت في كل خلق شأن بإفاضة ما يستحقه ويستأهله باستعداده، فمن استعدّ بالتصفية والتزكية للكمالات الخيرية والأنوار يفيضها عليه مع حصول الاستعداد، ومن استعدّ بتكدير جوهر نفسه بالهيئات المظلمة والرذائل ولوث العقائد الفاسدة، والخبائث للشرور والمكاره وأنواع الآلام والمصائب والعذاب والوبال يفيضها عليه مع حصول الاستعداد. وهذا معنى قوله: { سنفرغ لكم أيُّه الثقلان } لأنه تهديد وزجر عن الأمور التي بها يستحق العقاب، وسميا ثقلين لكونهما سفليين مائلين إلى أرض الجسم.
55,24,{ مرج البحرين } بحر الهيولى الجسمانية الذي هو الملح الأجاج وبحر الروح المجرد الذي هو العذاب الفرات { يلتقيان } في الوجود الإنساني { بينهما برزخ } هو النفس الحيوانية التي ليست في صفاء الأرواح المجردة ولطافتها ولا في كدورة الأجساد الهيولانية وكثافتها { لا يبغيان } لا يتجاوز حدّهما حدّه فيغلب على الآخر بخاصيته فلا الروح يجرّد البدن ويمزج به ويجعله من جنسه ولا البدن يجمد الروح ويجعله مادياً، سبحان خالق الخلق القادر على ما يشاء. { يخرج منهما } بتركيبهما والتقائهما لؤلؤ العلوم الكلية ومرجان العلوم الجزئية، أي: لؤلؤ الحقائق والمعارف ومرجان العلوم النافعة كالأخلاق والشرائع. { وله الجوار } أي: أوضاع الشريعة ومقامات الطريقة التي يركبها السالكون، السائرون إلى الله في لجّة هذا البحر المريح، فينجون ويعبرون إلى المقصد. وتشبيهها بالأعلام إشارة إلى شهرتها وكونه معروفة كما تسمى شعائر الله ومعالم الدين. { المنشآت } أي: المرفوعات الشرع وشرعها الأشواق والإرادات التي تجري عند ارتفاعها وتعلقها بالعالم العلوي بقوة رياح النفحات الإلهية سفينة الشريعة والطريقة براكبها إلى مقصد الكمال الحقيقي الذي هو الفناء في الله، ولهذا قال عقيبه: { كل من عليها فان } أي: كل من على الجواري السائرة واصل إلى الحق بالفناء فيه، أو كل من على أرض الجسد من الأعيان المفصلة كالروح والعقل والقلب والنفس ومنازلها ومقاماتها ومراتبها، فانٍ عند الوصول إلى المقصود { ويبقى وجه ربّك } الباقي بعد فناء الخلق، أي: ذاته مع جميع صفاته { ذو الجلال } أي: العظمة والعلوّ بالاحتجاب بالحجب النورانية والظلمانية والظهور بصفة القهر والسلطنة { والإكرام } بالقرب والدنو في صور تجليات الصفات وعند ظهورالذات بصفة اللطف والرحمة. { يسأله من في السموات } من أهل الملكوت والجبروت { ومن في الأرض } من الجنّ والإنس، والمراد: يسأله كل شيء فغلب العقلاء وأتى بلفظ من أي كل شيء يسأله بلسان الاستعداد والافتقار دائماً. { كل يوم هو في شأن } بإفاضة ما يناسب كل استعداد ويستحقه فله كل وقت في كل خلق شأن بإفاضة ما يستحقه ويستأهله باستعداده، فمن استعدّ بالتصفية والتزكية للكمالات الخيرية والأنوار يفيضها عليه مع حصول الاستعداد، ومن استعدّ بتكدير جوهر نفسه بالهيئات المظلمة والرذائل ولوث العقائد الفاسدة، والخبائث للشرور والمكاره وأنواع الآلام والمصائب والعذاب والوبال يفيضها عليه مع حصول الاستعداد. وهذا معنى قوله: { سنفرغ لكم أيُّه الثقلان } لأنه تهديد وزجر عن الأمور التي بها يستحق العقاب، وسميا ثقلين لكونهما سفليين مائلين إلى أرض الجسم.
55,25,{ مرج البحرين } بحر الهيولى الجسمانية الذي هو الملح الأجاج وبحر الروح المجرد الذي هو العذاب الفرات { يلتقيان } في الوجود الإنساني { بينهما برزخ } هو النفس الحيوانية التي ليست في صفاء الأرواح المجردة ولطافتها ولا في كدورة الأجساد الهيولانية وكثافتها { لا يبغيان } لا يتجاوز حدّهما حدّه فيغلب على الآخر بخاصيته فلا الروح يجرّد البدن ويمزج به ويجعله من جنسه ولا البدن يجمد الروح ويجعله مادياً، سبحان خالق الخلق القادر على ما يشاء. { يخرج منهما } بتركيبهما والتقائهما لؤلؤ العلوم الكلية ومرجان العلوم الجزئية، أي: لؤلؤ الحقائق والمعارف ومرجان العلوم النافعة كالأخلاق والشرائع. { وله الجوار } أي: أوضاع الشريعة ومقامات الطريقة التي يركبها السالكون، السائرون إلى الله في لجّة هذا البحر المريح، فينجون ويعبرون إلى المقصد. وتشبيهها بالأعلام إشارة إلى شهرتها وكونه معروفة كما تسمى شعائر الله ومعالم الدين. { المنشآت } أي: المرفوعات الشرع وشرعها الأشواق والإرادات التي تجري عند ارتفاعها وتعلقها بالعالم العلوي بقوة رياح النفحات الإلهية سفينة الشريعة والطريقة براكبها إلى مقصد الكمال الحقيقي الذي هو الفناء في الله، ولهذا قال عقيبه: { كل من عليها فان } أي: كل من على الجواري السائرة واصل إلى الحق بالفناء فيه، أو كل من على أرض الجسد من الأعيان المفصلة كالروح والعقل والقلب والنفس ومنازلها ومقاماتها ومراتبها، فانٍ عند الوصول إلى المقصود { ويبقى وجه ربّك } الباقي بعد فناء الخلق، أي: ذاته مع جميع صفاته { ذو الجلال } أي: العظمة والعلوّ بالاحتجاب بالحجب النورانية والظلمانية والظهور بصفة القهر والسلطنة { والإكرام } بالقرب والدنو في صور تجليات الصفات وعند ظهورالذات بصفة اللطف والرحمة. { يسأله من في السموات } من أهل الملكوت والجبروت { ومن في الأرض } من الجنّ والإنس، والمراد: يسأله كل شيء فغلب العقلاء وأتى بلفظ من أي كل شيء يسأله بلسان الاستعداد والافتقار دائماً. { كل يوم هو في شأن } بإفاضة ما يناسب كل استعداد ويستحقه فله كل وقت في كل خلق شأن بإفاضة ما يستحقه ويستأهله باستعداده، فمن استعدّ بالتصفية والتزكية للكمالات الخيرية والأنوار يفيضها عليه مع حصول الاستعداد، ومن استعدّ بتكدير جوهر نفسه بالهيئات المظلمة والرذائل ولوث العقائد الفاسدة، والخبائث للشرور والمكاره وأنواع الآلام والمصائب والعذاب والوبال يفيضها عليه مع حصول الاستعداد. وهذا معنى قوله: { سنفرغ لكم أيُّه الثقلان } لأنه تهديد وزجر عن الأمور التي بها يستحق العقاب، وسميا ثقلين لكونهما سفليين مائلين إلى أرض الجسم.
55,26,{ مرج البحرين } بحر الهيولى الجسمانية الذي هو الملح الأجاج وبحر الروح المجرد الذي هو العذاب الفرات { يلتقيان } في الوجود الإنساني { بينهما برزخ } هو النفس الحيوانية التي ليست في صفاء الأرواح المجردة ولطافتها ولا في كدورة الأجساد الهيولانية وكثافتها { لا يبغيان } لا يتجاوز حدّهما حدّه فيغلب على الآخر بخاصيته فلا الروح يجرّد البدن ويمزج به ويجعله من جنسه ولا البدن يجمد الروح ويجعله مادياً، سبحان خالق الخلق القادر على ما يشاء. { يخرج منهما } بتركيبهما والتقائهما لؤلؤ العلوم الكلية ومرجان العلوم الجزئية، أي: لؤلؤ الحقائق والمعارف ومرجان العلوم النافعة كالأخلاق والشرائع. { وله الجوار } أي: أوضاع الشريعة ومقامات الطريقة التي يركبها السالكون، السائرون إلى الله في لجّة هذا البحر المريح، فينجون ويعبرون إلى المقصد. وتشبيهها بالأعلام إشارة إلى شهرتها وكونه معروفة كما تسمى شعائر الله ومعالم الدين. { المنشآت } أي: المرفوعات الشرع وشرعها الأشواق والإرادات التي تجري عند ارتفاعها وتعلقها بالعالم العلوي بقوة رياح النفحات الإلهية سفينة الشريعة والطريقة براكبها إلى مقصد الكمال الحقيقي الذي هو الفناء في الله، ولهذا قال عقيبه: { كل من عليها فان } أي: كل من على الجواري السائرة واصل إلى الحق بالفناء فيه، أو كل من على أرض الجسد من الأعيان المفصلة كالروح والعقل والقلب والنفس ومنازلها ومقاماتها ومراتبها، فانٍ عند الوصول إلى المقصود { ويبقى وجه ربّك } الباقي بعد فناء الخلق، أي: ذاته مع جميع صفاته { ذو الجلال } أي: العظمة والعلوّ بالاحتجاب بالحجب النورانية والظلمانية والظهور بصفة القهر والسلطنة { والإكرام } بالقرب والدنو في صور تجليات الصفات وعند ظهورالذات بصفة اللطف والرحمة. { يسأله من في السموات } من أهل الملكوت والجبروت { ومن في الأرض } من الجنّ والإنس، والمراد: يسأله كل شيء فغلب العقلاء وأتى بلفظ من أي كل شيء يسأله بلسان الاستعداد والافتقار دائماً. { كل يوم هو في شأن } بإفاضة ما يناسب كل استعداد ويستحقه فله كل وقت في كل خلق شأن بإفاضة ما يستحقه ويستأهله باستعداده، فمن استعدّ بالتصفية والتزكية للكمالات الخيرية والأنوار يفيضها عليه مع حصول الاستعداد، ومن استعدّ بتكدير جوهر نفسه بالهيئات المظلمة والرذائل ولوث العقائد الفاسدة، والخبائث للشرور والمكاره وأنواع الآلام والمصائب والعذاب والوبال يفيضها عليه مع حصول الاستعداد. وهذا معنى قوله: { سنفرغ لكم أيُّه الثقلان } لأنه تهديد وزجر عن الأمور التي بها يستحق العقاب، وسميا ثقلين لكونهما سفليين مائلين إلى أرض الجسم.
55,27,{ مرج البحرين } بحر الهيولى الجسمانية الذي هو الملح الأجاج وبحر الروح المجرد الذي هو العذاب الفرات { يلتقيان } في الوجود الإنساني { بينهما برزخ } هو النفس الحيوانية التي ليست في صفاء الأرواح المجردة ولطافتها ولا في كدورة الأجساد الهيولانية وكثافتها { لا يبغيان } لا يتجاوز حدّهما حدّه فيغلب على الآخر بخاصيته فلا الروح يجرّد البدن ويمزج به ويجعله من جنسه ولا البدن يجمد الروح ويجعله مادياً، سبحان خالق الخلق القادر على ما يشاء. { يخرج منهما } بتركيبهما والتقائهما لؤلؤ العلوم الكلية ومرجان العلوم الجزئية، أي: لؤلؤ الحقائق والمعارف ومرجان العلوم النافعة كالأخلاق والشرائع. { وله الجوار } أي: أوضاع الشريعة ومقامات الطريقة التي يركبها السالكون، السائرون إلى الله في لجّة هذا البحر المريح، فينجون ويعبرون إلى المقصد. وتشبيهها بالأعلام إشارة إلى شهرتها وكونه معروفة كما تسمى شعائر الله ومعالم الدين. { المنشآت } أي: المرفوعات الشرع وشرعها الأشواق والإرادات التي تجري عند ارتفاعها وتعلقها بالعالم العلوي بقوة رياح النفحات الإلهية سفينة الشريعة والطريقة براكبها إلى مقصد الكمال الحقيقي الذي هو الفناء في الله، ولهذا قال عقيبه: { كل من عليها فان } أي: كل من على الجواري السائرة واصل إلى الحق بالفناء فيه، أو كل من على أرض الجسد من الأعيان المفصلة كالروح والعقل والقلب والنفس ومنازلها ومقاماتها ومراتبها، فانٍ عند الوصول إلى المقصود { ويبقى وجه ربّك } الباقي بعد فناء الخلق، أي: ذاته مع جميع صفاته { ذو الجلال } أي: العظمة والعلوّ بالاحتجاب بالحجب النورانية والظلمانية والظهور بصفة القهر والسلطنة { والإكرام } بالقرب والدنو في صور تجليات الصفات وعند ظهورالذات بصفة اللطف والرحمة. { يسأله من في السموات } من أهل الملكوت والجبروت { ومن في الأرض } من الجنّ والإنس، والمراد: يسأله كل شيء فغلب العقلاء وأتى بلفظ من أي كل شيء يسأله بلسان الاستعداد والافتقار دائماً. { كل يوم هو في شأن } بإفاضة ما يناسب كل استعداد ويستحقه فله كل وقت في كل خلق شأن بإفاضة ما يستحقه ويستأهله باستعداده، فمن استعدّ بالتصفية والتزكية للكمالات الخيرية والأنوار يفيضها عليه مع حصول الاستعداد، ومن استعدّ بتكدير جوهر نفسه بالهيئات المظلمة والرذائل ولوث العقائد الفاسدة، والخبائث للشرور والمكاره وأنواع الآلام والمصائب والعذاب والوبال يفيضها عليه مع حصول الاستعداد. وهذا معنى قوله: { سنفرغ لكم أيُّه الثقلان } لأنه تهديد وزجر عن الأمور التي بها يستحق العقاب، وسميا ثقلين لكونهما سفليين مائلين إلى أرض الجسم.
55,28,{ مرج البحرين } بحر الهيولى الجسمانية الذي هو الملح الأجاج وبحر الروح المجرد الذي هو العذاب الفرات { يلتقيان } في الوجود الإنساني { بينهما برزخ } هو النفس الحيوانية التي ليست في صفاء الأرواح المجردة ولطافتها ولا في كدورة الأجساد الهيولانية وكثافتها { لا يبغيان } لا يتجاوز حدّهما حدّه فيغلب على الآخر بخاصيته فلا الروح يجرّد البدن ويمزج به ويجعله من جنسه ولا البدن يجمد الروح ويجعله مادياً، سبحان خالق الخلق القادر على ما يشاء. { يخرج منهما } بتركيبهما والتقائهما لؤلؤ العلوم الكلية ومرجان العلوم الجزئية، أي: لؤلؤ الحقائق والمعارف ومرجان العلوم النافعة كالأخلاق والشرائع. { وله الجوار } أي: أوضاع الشريعة ومقامات الطريقة التي يركبها السالكون، السائرون إلى الله في لجّة هذا البحر المريح، فينجون ويعبرون إلى المقصد. وتشبيهها بالأعلام إشارة إلى شهرتها وكونه معروفة كما تسمى شعائر الله ومعالم الدين. { المنشآت } أي: المرفوعات الشرع وشرعها الأشواق والإرادات التي تجري عند ارتفاعها وتعلقها بالعالم العلوي بقوة رياح النفحات الإلهية سفينة الشريعة والطريقة براكبها إلى مقصد الكمال الحقيقي الذي هو الفناء في الله، ولهذا قال عقيبه: { كل من عليها فان } أي: كل من على الجواري السائرة واصل إلى الحق بالفناء فيه، أو كل من على أرض الجسد من الأعيان المفصلة كالروح والعقل والقلب والنفس ومنازلها ومقاماتها ومراتبها، فانٍ عند الوصول إلى المقصود { ويبقى وجه ربّك } الباقي بعد فناء الخلق، أي: ذاته مع جميع صفاته { ذو الجلال } أي: العظمة والعلوّ بالاحتجاب بالحجب النورانية والظلمانية والظهور بصفة القهر والسلطنة { والإكرام } بالقرب والدنو في صور تجليات الصفات وعند ظهورالذات بصفة اللطف والرحمة. { يسأله من في السموات } من أهل الملكوت والجبروت { ومن في الأرض } من الجنّ والإنس، والمراد: يسأله كل شيء فغلب العقلاء وأتى بلفظ من أي كل شيء يسأله بلسان الاستعداد والافتقار دائماً. { كل يوم هو في شأن } بإفاضة ما يناسب كل استعداد ويستحقه فله كل وقت في كل خلق شأن بإفاضة ما يستحقه ويستأهله باستعداده، فمن استعدّ بالتصفية والتزكية للكمالات الخيرية والأنوار يفيضها عليه مع حصول الاستعداد، ومن استعدّ بتكدير جوهر نفسه بالهيئات المظلمة والرذائل ولوث العقائد الفاسدة، والخبائث للشرور والمكاره وأنواع الآلام والمصائب والعذاب والوبال يفيضها عليه مع حصول الاستعداد. وهذا معنى قوله: { سنفرغ لكم أيُّه الثقلان } لأنه تهديد وزجر عن الأمور التي بها يستحق العقاب، وسميا ثقلين لكونهما سفليين مائلين إلى أرض الجسم.
55,29,{ مرج البحرين } بحر الهيولى الجسمانية الذي هو الملح الأجاج وبحر الروح المجرد الذي هو العذاب الفرات { يلتقيان } في الوجود الإنساني { بينهما برزخ } هو النفس الحيوانية التي ليست في صفاء الأرواح المجردة ولطافتها ولا في كدورة الأجساد الهيولانية وكثافتها { لا يبغيان } لا يتجاوز حدّهما حدّه فيغلب على الآخر بخاصيته فلا الروح يجرّد البدن ويمزج به ويجعله من جنسه ولا البدن يجمد الروح ويجعله مادياً، سبحان خالق الخلق القادر على ما يشاء. { يخرج منهما } بتركيبهما والتقائهما لؤلؤ العلوم الكلية ومرجان العلوم الجزئية، أي: لؤلؤ الحقائق والمعارف ومرجان العلوم النافعة كالأخلاق والشرائع. { وله الجوار } أي: أوضاع الشريعة ومقامات الطريقة التي يركبها السالكون، السائرون إلى الله في لجّة هذا البحر المريح، فينجون ويعبرون إلى المقصد. وتشبيهها بالأعلام إشارة إلى شهرتها وكونه معروفة كما تسمى شعائر الله ومعالم الدين. { المنشآت } أي: المرفوعات الشرع وشرعها الأشواق والإرادات التي تجري عند ارتفاعها وتعلقها بالعالم العلوي بقوة رياح النفحات الإلهية سفينة الشريعة والطريقة براكبها إلى مقصد الكمال الحقيقي الذي هو الفناء في الله، ولهذا قال عقيبه: { كل من عليها فان } أي: كل من على الجواري السائرة واصل إلى الحق بالفناء فيه، أو كل من على أرض الجسد من الأعيان المفصلة كالروح والعقل والقلب والنفس ومنازلها ومقاماتها ومراتبها، فانٍ عند الوصول إلى المقصود { ويبقى وجه ربّك } الباقي بعد فناء الخلق، أي: ذاته مع جميع صفاته { ذو الجلال } أي: العظمة والعلوّ بالاحتجاب بالحجب النورانية والظلمانية والظهور بصفة القهر والسلطنة { والإكرام } بالقرب والدنو في صور تجليات الصفات وعند ظهورالذات بصفة اللطف والرحمة. { يسأله من في السموات } من أهل الملكوت والجبروت { ومن في الأرض } من الجنّ والإنس، والمراد: يسأله كل شيء فغلب العقلاء وأتى بلفظ من أي كل شيء يسأله بلسان الاستعداد والافتقار دائماً. { كل يوم هو في شأن } بإفاضة ما يناسب كل استعداد ويستحقه فله كل وقت في كل خلق شأن بإفاضة ما يستحقه ويستأهله باستعداده، فمن استعدّ بالتصفية والتزكية للكمالات الخيرية والأنوار يفيضها عليه مع حصول الاستعداد، ومن استعدّ بتكدير جوهر نفسه بالهيئات المظلمة والرذائل ولوث العقائد الفاسدة، والخبائث للشرور والمكاره وأنواع الآلام والمصائب والعذاب والوبال يفيضها عليه مع حصول الاستعداد. وهذا معنى قوله: { سنفرغ لكم أيُّه الثقلان } لأنه تهديد وزجر عن الأمور التي بها يستحق العقاب، وسميا ثقلين لكونهما سفليين مائلين إلى أرض الجسم.
55,30,{ مرج البحرين } بحر الهيولى الجسمانية الذي هو الملح الأجاج وبحر الروح المجرد الذي هو العذاب الفرات { يلتقيان } في الوجود الإنساني { بينهما برزخ } هو النفس الحيوانية التي ليست في صفاء الأرواح المجردة ولطافتها ولا في كدورة الأجساد الهيولانية وكثافتها { لا يبغيان } لا يتجاوز حدّهما حدّه فيغلب على الآخر بخاصيته فلا الروح يجرّد البدن ويمزج به ويجعله من جنسه ولا البدن يجمد الروح ويجعله مادياً، سبحان خالق الخلق القادر على ما يشاء. { يخرج منهما } بتركيبهما والتقائهما لؤلؤ العلوم الكلية ومرجان العلوم الجزئية، أي: لؤلؤ الحقائق والمعارف ومرجان العلوم النافعة كالأخلاق والشرائع. { وله الجوار } أي: أوضاع الشريعة ومقامات الطريقة التي يركبها السالكون، السائرون إلى الله في لجّة هذا البحر المريح، فينجون ويعبرون إلى المقصد. وتشبيهها بالأعلام إشارة إلى شهرتها وكونه معروفة كما تسمى شعائر الله ومعالم الدين. { المنشآت } أي: المرفوعات الشرع وشرعها الأشواق والإرادات التي تجري عند ارتفاعها وتعلقها بالعالم العلوي بقوة رياح النفحات الإلهية سفينة الشريعة والطريقة براكبها إلى مقصد الكمال الحقيقي الذي هو الفناء في الله، ولهذا قال عقيبه: { كل من عليها فان } أي: كل من على الجواري السائرة واصل إلى الحق بالفناء فيه، أو كل من على أرض الجسد من الأعيان المفصلة كالروح والعقل والقلب والنفس ومنازلها ومقاماتها ومراتبها، فانٍ عند الوصول إلى المقصود { ويبقى وجه ربّك } الباقي بعد فناء الخلق، أي: ذاته مع جميع صفاته { ذو الجلال } أي: العظمة والعلوّ بالاحتجاب بالحجب النورانية والظلمانية والظهور بصفة القهر والسلطنة { والإكرام } بالقرب والدنو في صور تجليات الصفات وعند ظهورالذات بصفة اللطف والرحمة. { يسأله من في السموات } من أهل الملكوت والجبروت { ومن في الأرض } من الجنّ والإنس، والمراد: يسأله كل شيء فغلب العقلاء وأتى بلفظ من أي كل شيء يسأله بلسان الاستعداد والافتقار دائماً. { كل يوم هو في شأن } بإفاضة ما يناسب كل استعداد ويستحقه فله كل وقت في كل خلق شأن بإفاضة ما يستحقه ويستأهله باستعداده، فمن استعدّ بالتصفية والتزكية للكمالات الخيرية والأنوار يفيضها عليه مع حصول الاستعداد، ومن استعدّ بتكدير جوهر نفسه بالهيئات المظلمة والرذائل ولوث العقائد الفاسدة، والخبائث للشرور والمكاره وأنواع الآلام والمصائب والعذاب والوبال يفيضها عليه مع حصول الاستعداد. وهذا معنى قوله: { سنفرغ لكم أيُّه الثقلان } لأنه تهديد وزجر عن الأمور التي بها يستحق العقاب، وسميا ثقلين لكونهما سفليين مائلين إلى أرض الجسم.
55,31,{ مرج البحرين } بحر الهيولى الجسمانية الذي هو الملح الأجاج وبحر الروح المجرد الذي هو العذاب الفرات { يلتقيان } في الوجود الإنساني { بينهما برزخ } هو النفس الحيوانية التي ليست في صفاء الأرواح المجردة ولطافتها ولا في كدورة الأجساد الهيولانية وكثافتها { لا يبغيان } لا يتجاوز حدّهما حدّه فيغلب على الآخر بخاصيته فلا الروح يجرّد البدن ويمزج به ويجعله من جنسه ولا البدن يجمد الروح ويجعله مادياً، سبحان خالق الخلق القادر على ما يشاء. { يخرج منهما } بتركيبهما والتقائهما لؤلؤ العلوم الكلية ومرجان العلوم الجزئية، أي: لؤلؤ الحقائق والمعارف ومرجان العلوم النافعة كالأخلاق والشرائع. { وله الجوار } أي: أوضاع الشريعة ومقامات الطريقة التي يركبها السالكون، السائرون إلى الله في لجّة هذا البحر المريح، فينجون ويعبرون إلى المقصد. وتشبيهها بالأعلام إشارة إلى شهرتها وكونه معروفة كما تسمى شعائر الله ومعالم الدين. { المنشآت } أي: المرفوعات الشرع وشرعها الأشواق والإرادات التي تجري عند ارتفاعها وتعلقها بالعالم العلوي بقوة رياح النفحات الإلهية سفينة الشريعة والطريقة براكبها إلى مقصد الكمال الحقيقي الذي هو الفناء في الله، ولهذا قال عقيبه: { كل من عليها فان } أي: كل من على الجواري السائرة واصل إلى الحق بالفناء فيه، أو كل من على أرض الجسد من الأعيان المفصلة كالروح والعقل والقلب والنفس ومنازلها ومقاماتها ومراتبها، فانٍ عند الوصول إلى المقصود { ويبقى وجه ربّك } الباقي بعد فناء الخلق، أي: ذاته مع جميع صفاته { ذو الجلال } أي: العظمة والعلوّ بالاحتجاب بالحجب النورانية والظلمانية والظهور بصفة القهر والسلطنة { والإكرام } بالقرب والدنو في صور تجليات الصفات وعند ظهورالذات بصفة اللطف والرحمة. { يسأله من في السموات } من أهل الملكوت والجبروت { ومن في الأرض } من الجنّ والإنس، والمراد: يسأله كل شيء فغلب العقلاء وأتى بلفظ من أي كل شيء يسأله بلسان الاستعداد والافتقار دائماً. { كل يوم هو في شأن } بإفاضة ما يناسب كل استعداد ويستحقه فله كل وقت في كل خلق شأن بإفاضة ما يستحقه ويستأهله باستعداده، فمن استعدّ بالتصفية والتزكية للكمالات الخيرية والأنوار يفيضها عليه مع حصول الاستعداد، ومن استعدّ بتكدير جوهر نفسه بالهيئات المظلمة والرذائل ولوث العقائد الفاسدة، والخبائث للشرور والمكاره وأنواع الآلام والمصائب والعذاب والوبال يفيضها عليه مع حصول الاستعداد. وهذا معنى قوله: { سنفرغ لكم أيُّه الثقلان } لأنه تهديد وزجر عن الأمور التي بها يستحق العقاب، وسميا ثقلين لكونهما سفليين مائلين إلى أرض الجسم.
55,32,{ مرج البحرين } بحر الهيولى الجسمانية الذي هو الملح الأجاج وبحر الروح المجرد الذي هو العذاب الفرات { يلتقيان } في الوجود الإنساني { بينهما برزخ } هو النفس الحيوانية التي ليست في صفاء الأرواح المجردة ولطافتها ولا في كدورة الأجساد الهيولانية وكثافتها { لا يبغيان } لا يتجاوز حدّهما حدّه فيغلب على الآخر بخاصيته فلا الروح يجرّد البدن ويمزج به ويجعله من جنسه ولا البدن يجمد الروح ويجعله مادياً، سبحان خالق الخلق القادر على ما يشاء. { يخرج منهما } بتركيبهما والتقائهما لؤلؤ العلوم الكلية ومرجان العلوم الجزئية، أي: لؤلؤ الحقائق والمعارف ومرجان العلوم النافعة كالأخلاق والشرائع. { وله الجوار } أي: أوضاع الشريعة ومقامات الطريقة التي يركبها السالكون، السائرون إلى الله في لجّة هذا البحر المريح، فينجون ويعبرون إلى المقصد. وتشبيهها بالأعلام إشارة إلى شهرتها وكونه معروفة كما تسمى شعائر الله ومعالم الدين. { المنشآت } أي: المرفوعات الشرع وشرعها الأشواق والإرادات التي تجري عند ارتفاعها وتعلقها بالعالم العلوي بقوة رياح النفحات الإلهية سفينة الشريعة والطريقة براكبها إلى مقصد الكمال الحقيقي الذي هو الفناء في الله، ولهذا قال عقيبه: { كل من عليها فان } أي: كل من على الجواري السائرة واصل إلى الحق بالفناء فيه، أو كل من على أرض الجسد من الأعيان المفصلة كالروح والعقل والقلب والنفس ومنازلها ومقاماتها ومراتبها، فانٍ عند الوصول إلى المقصود { ويبقى وجه ربّك } الباقي بعد فناء الخلق، أي: ذاته مع جميع صفاته { ذو الجلال } أي: العظمة والعلوّ بالاحتجاب بالحجب النورانية والظلمانية والظهور بصفة القهر والسلطنة { والإكرام } بالقرب والدنو في صور تجليات الصفات وعند ظهورالذات بصفة اللطف والرحمة. { يسأله من في السموات } من أهل الملكوت والجبروت { ومن في الأرض } من الجنّ والإنس، والمراد: يسأله كل شيء فغلب العقلاء وأتى بلفظ من أي كل شيء يسأله بلسان الاستعداد والافتقار دائماً. { كل يوم هو في شأن } بإفاضة ما يناسب كل استعداد ويستحقه فله كل وقت في كل خلق شأن بإفاضة ما يستحقه ويستأهله باستعداده، فمن استعدّ بالتصفية والتزكية للكمالات الخيرية والأنوار يفيضها عليه مع حصول الاستعداد، ومن استعدّ بتكدير جوهر نفسه بالهيئات المظلمة والرذائل ولوث العقائد الفاسدة، والخبائث للشرور والمكاره وأنواع الآلام والمصائب والعذاب والوبال يفيضها عليه مع حصول الاستعداد. وهذا معنى قوله: { سنفرغ لكم أيُّه الثقلان } لأنه تهديد وزجر عن الأمور التي بها يستحق العقاب، وسميا ثقلين لكونهما سفليين مائلين إلى أرض الجسم.
55,33,{ يا معشر الجنّ والإنس } أي: الباطنيين و الظاهريين { إن استطعتم ان تنفذوا من أقطار السموات والأرض } بالتجرّد عن الهيئات الجسمانية والتعلقات البدنية { فانْفذوا } لتنخرطوا في سلك النفوس الملكية والأرواح الجبروتية، وتصلوا إلى الحضرة الإلهية { لا تنفذون إلا بسلطان } بحجة بينة هي التوحيد والتجريد والتفريد بالعلم والعمل والفناء في الله. { يرسل عليكما شواظ من نار } أي: يمنعكما عن النفوذ من أقطارهما والترقي من أطوارهما لهب صاف عن ممازجة الدخان، أي: سلطان الوهم وأحكامه ومدركاته بإرساله الوهميات إلى حيز العقل والقلب وممانعته إياهما عن الترقي دائماً { ونحاس } دخان، أي: هيئة ظلمانية ترسلها النفس الحيوانية بالميل إلى الهوى والشهوات، فالشواظ مانع من جهة العلم والنحاس من جهة العمل { فلا تنتصران } فلا تمتنعان عنهما وتغلبان عليهما فتنفذان إلا بتوفيق الله وسلطان التوحيد. { فإذا انشقت السماء } أي: السماء الدنيا وهي النفس الحيوانية، وانشقاقها انفلاقها عن الروح عند زهوقه إذ الروح الإنساني نسبته إلى النفس الحيوانية كنسبته إلى البدن. فكما أن حياة البدن بالنفس فحياتها بالروح فتنشق عنه عند زهوقه بمفارقة البدن { فكانت وردة } أي: حمراء لأن لونها متوسط بين لون الروح المجرّد وبين لون البدن، ولون الروح أبيض لنوريته وإدراكه اللذات ولون البدن أسود لظلمته وعدم شعوره باللذات، والمتوسط بين الأبيض والأسود هو الأحمر، وإنما وصفها في سورة البقرة بالصفرة وها هنا بالحمرة لأن هناك وقت الحياة والصفاء وغلبة النورية عليها وطراوة الاستعداد وها هنا وقت الممات والتكدّر وغلبة الظلمة عليها وزوال الاستعداد { كالدهان } كدهن الزيت في لونه ولطافته وذوبانه لصيرورتها إلى الفناء والزوال. { فيومئذ لا يسئل عن ذنبه إنس } من الظاهريين { ولا جان } من الباطنيين لانجذاب كل إلى مقرّه ومركزه وموطنه الذي يقتضيه حاله وما هو الغالب عليه باستعداده الأصلي أو العارضي الراسخ الغالب. وأما الوقف والسؤال المشار إليه في قوله: [الصافات، الآية:24] ونظائره، ففي مواطن أخر من اليوم الطويل الذي كان مقداره خمسين ألف سنة وهو في حال عدم غلبة إحدى الجهتين واستيلاء أحد الأمرين، ففي زمان غلبة النور الأصلي وبقاء الاستعداد الفطري أو حصول الكمال والترقي في الصفات، وفي وقت استيلاء الهيئات الظلمانية وترسخ الغواشي الجسمانية وزوال الاستعداد الأصلي بحصول الرين لا يسئلون، وفي وقت عدم رسوخ تلك الهيئات إلى حدّ الرين وبقائها في القلب مانعة، حاجزة إياها عن الرجوع إلى مقرّها، يوقفون ويسئلون حتى يعذبوا بحسب سيئاتهم على قدر رسوخها، وقد يكون هذا الموطن قبل الموطن الأول في ذلك اليوم على الأمر الأكثر كما ذكر وقد يكون بعده، وذلك عند حبط الأعمال وغلبة الأمر العارضي و استيلائه على الذاتي إلى حد إبطال الاستعداد بالكلية فيدافعه الاستعداد الأصلي قليلاً قليلاً ويتجلى بصور التعذّبات والبليّات شيئاً فشيئاً، حتى يتساوى الأمران كتبرّد الماء المسخّن حين بلوغه إلى كونه فاتراً، فهذا الشخص مطرود في أول الأمر عند قرب الاستعداد إلى الزوال ثم قد يوقف ويسئل عند قرب رجوع الاستعداد إلى الحالة الأولى وإمكان اتصاله بالملكوت. وأما الأشقياء المردودون، المخلّدون في العذاب، والسعداء المقرّبون الذين يدخلون الجنة بغير حساب، فلا يسئلون قط ولا يوقفون للسؤال. فقوله: [الصافات، الآية: 24] ونظائره مخصوص ببعض المعذبين، وهم الأشقياء الذين عاقبتهم النجاة من العذاب.
55,34,{ يا معشر الجنّ والإنس } أي: الباطنيين و الظاهريين { إن استطعتم ان تنفذوا من أقطار السموات والأرض } بالتجرّد عن الهيئات الجسمانية والتعلقات البدنية { فانْفذوا } لتنخرطوا في سلك النفوس الملكية والأرواح الجبروتية، وتصلوا إلى الحضرة الإلهية { لا تنفذون إلا بسلطان } بحجة بينة هي التوحيد والتجريد والتفريد بالعلم والعمل والفناء في الله. { يرسل عليكما شواظ من نار } أي: يمنعكما عن النفوذ من أقطارهما والترقي من أطوارهما لهب صاف عن ممازجة الدخان، أي: سلطان الوهم وأحكامه ومدركاته بإرساله الوهميات إلى حيز العقل والقلب وممانعته إياهما عن الترقي دائماً { ونحاس } دخان، أي: هيئة ظلمانية ترسلها النفس الحيوانية بالميل إلى الهوى والشهوات، فالشواظ مانع من جهة العلم والنحاس من جهة العمل { فلا تنتصران } فلا تمتنعان عنهما وتغلبان عليهما فتنفذان إلا بتوفيق الله وسلطان التوحيد. { فإذا انشقت السماء } أي: السماء الدنيا وهي النفس الحيوانية، وانشقاقها انفلاقها عن الروح عند زهوقه إذ الروح الإنساني نسبته إلى النفس الحيوانية كنسبته إلى البدن. فكما أن حياة البدن بالنفس فحياتها بالروح فتنشق عنه عند زهوقه بمفارقة البدن { فكانت وردة } أي: حمراء لأن لونها متوسط بين لون الروح المجرّد وبين لون البدن، ولون الروح أبيض لنوريته وإدراكه اللذات ولون البدن أسود لظلمته وعدم شعوره باللذات، والمتوسط بين الأبيض والأسود هو الأحمر، وإنما وصفها في سورة البقرة بالصفرة وها هنا بالحمرة لأن هناك وقت الحياة والصفاء وغلبة النورية عليها وطراوة الاستعداد وها هنا وقت الممات والتكدّر وغلبة الظلمة عليها وزوال الاستعداد { كالدهان } كدهن الزيت في لونه ولطافته وذوبانه لصيرورتها إلى الفناء والزوال. { فيومئذ لا يسئل عن ذنبه إنس } من الظاهريين { ولا جان } من الباطنيين لانجذاب كل إلى مقرّه ومركزه وموطنه الذي يقتضيه حاله وما هو الغالب عليه باستعداده الأصلي أو العارضي الراسخ الغالب. وأما الوقف والسؤال المشار إليه في قوله: [الصافات، الآية:24] ونظائره، ففي مواطن أخر من اليوم الطويل الذي كان مقداره خمسين ألف سنة وهو في حال عدم غلبة إحدى الجهتين واستيلاء أحد الأمرين، ففي زمان غلبة النور الأصلي وبقاء الاستعداد الفطري أو حصول الكمال والترقي في الصفات، وفي وقت استيلاء الهيئات الظلمانية وترسخ الغواشي الجسمانية وزوال الاستعداد الأصلي بحصول الرين لا يسئلون، وفي وقت عدم رسوخ تلك الهيئات إلى حدّ الرين وبقائها في القلب مانعة، حاجزة إياها عن الرجوع إلى مقرّها، يوقفون ويسئلون حتى يعذبوا بحسب سيئاتهم على قدر رسوخها، وقد يكون هذا الموطن قبل الموطن الأول في ذلك اليوم على الأمر الأكثر كما ذكر وقد يكون بعده، وذلك عند حبط الأعمال وغلبة الأمر العارضي و استيلائه على الذاتي إلى حد إبطال الاستعداد بالكلية فيدافعه الاستعداد الأصلي قليلاً قليلاً ويتجلى بصور التعذّبات والبليّات شيئاً فشيئاً، حتى يتساوى الأمران كتبرّد الماء المسخّن حين بلوغه إلى كونه فاتراً، فهذا الشخص مطرود في أول الأمر عند قرب الاستعداد إلى الزوال ثم قد يوقف ويسئل عند قرب رجوع الاستعداد إلى الحالة الأولى وإمكان اتصاله بالملكوت. وأما الأشقياء المردودون، المخلّدون في العذاب، والسعداء المقرّبون الذين يدخلون الجنة بغير حساب، فلا يسئلون قط ولا يوقفون للسؤال. فقوله: [الصافات، الآية: 24] ونظائره مخصوص ببعض المعذبين، وهم الأشقياء الذين عاقبتهم النجاة من العذاب.
55,35,{ يا معشر الجنّ والإنس } أي: الباطنيين و الظاهريين { إن استطعتم ان تنفذوا من أقطار السموات والأرض } بالتجرّد عن الهيئات الجسمانية والتعلقات البدنية { فانْفذوا } لتنخرطوا في سلك النفوس الملكية والأرواح الجبروتية، وتصلوا إلى الحضرة الإلهية { لا تنفذون إلا بسلطان } بحجة بينة هي التوحيد والتجريد والتفريد بالعلم والعمل والفناء في الله. { يرسل عليكما شواظ من نار } أي: يمنعكما عن النفوذ من أقطارهما والترقي من أطوارهما لهب صاف عن ممازجة الدخان، أي: سلطان الوهم وأحكامه ومدركاته بإرساله الوهميات إلى حيز العقل والقلب وممانعته إياهما عن الترقي دائماً { ونحاس } دخان، أي: هيئة ظلمانية ترسلها النفس الحيوانية بالميل إلى الهوى والشهوات، فالشواظ مانع من جهة العلم والنحاس من جهة العمل { فلا تنتصران } فلا تمتنعان عنهما وتغلبان عليهما فتنفذان إلا بتوفيق الله وسلطان التوحيد. { فإذا انشقت السماء } أي: السماء الدنيا وهي النفس الحيوانية، وانشقاقها انفلاقها عن الروح عند زهوقه إذ الروح الإنساني نسبته إلى النفس الحيوانية كنسبته إلى البدن. فكما أن حياة البدن بالنفس فحياتها بالروح فتنشق عنه عند زهوقه بمفارقة البدن { فكانت وردة } أي: حمراء لأن لونها متوسط بين لون الروح المجرّد وبين لون البدن، ولون الروح أبيض لنوريته وإدراكه اللذات ولون البدن أسود لظلمته وعدم شعوره باللذات، والمتوسط بين الأبيض والأسود هو الأحمر، وإنما وصفها في سورة البقرة بالصفرة وها هنا بالحمرة لأن هناك وقت الحياة والصفاء وغلبة النورية عليها وطراوة الاستعداد وها هنا وقت الممات والتكدّر وغلبة الظلمة عليها وزوال الاستعداد { كالدهان } كدهن الزيت في لونه ولطافته وذوبانه لصيرورتها إلى الفناء والزوال. { فيومئذ لا يسئل عن ذنبه إنس } من الظاهريين { ولا جان } من الباطنيين لانجذاب كل إلى مقرّه ومركزه وموطنه الذي يقتضيه حاله وما هو الغالب عليه باستعداده الأصلي أو العارضي الراسخ الغالب. وأما الوقف والسؤال المشار إليه في قوله: [الصافات، الآية:24] ونظائره، ففي مواطن أخر من اليوم الطويل الذي كان مقداره خمسين ألف سنة وهو في حال عدم غلبة إحدى الجهتين واستيلاء أحد الأمرين، ففي زمان غلبة النور الأصلي وبقاء الاستعداد الفطري أو حصول الكمال والترقي في الصفات، وفي وقت استيلاء الهيئات الظلمانية وترسخ الغواشي الجسمانية وزوال الاستعداد الأصلي بحصول الرين لا يسئلون، وفي وقت عدم رسوخ تلك الهيئات إلى حدّ الرين وبقائها في القلب مانعة، حاجزة إياها عن الرجوع إلى مقرّها، يوقفون ويسئلون حتى يعذبوا بحسب سيئاتهم على قدر رسوخها، وقد يكون هذا الموطن قبل الموطن الأول في ذلك اليوم على الأمر الأكثر كما ذكر وقد يكون بعده، وذلك عند حبط الأعمال وغلبة الأمر العارضي و استيلائه على الذاتي إلى حد إبطال الاستعداد بالكلية فيدافعه الاستعداد الأصلي قليلاً قليلاً ويتجلى بصور التعذّبات والبليّات شيئاً فشيئاً، حتى يتساوى الأمران كتبرّد الماء المسخّن حين بلوغه إلى كونه فاتراً، فهذا الشخص مطرود في أول الأمر عند قرب الاستعداد إلى الزوال ثم قد يوقف ويسئل عند قرب رجوع الاستعداد إلى الحالة الأولى وإمكان اتصاله بالملكوت. وأما الأشقياء المردودون، المخلّدون في العذاب، والسعداء المقرّبون الذين يدخلون الجنة بغير حساب، فلا يسئلون قط ولا يوقفون للسؤال. فقوله: [الصافات، الآية: 24] ونظائره مخصوص ببعض المعذبين، وهم الأشقياء الذين عاقبتهم النجاة من العذاب.
55,36,{ يا معشر الجنّ والإنس } أي: الباطنيين و الظاهريين { إن استطعتم ان تنفذوا من أقطار السموات والأرض } بالتجرّد عن الهيئات الجسمانية والتعلقات البدنية { فانْفذوا } لتنخرطوا في سلك النفوس الملكية والأرواح الجبروتية، وتصلوا إلى الحضرة الإلهية { لا تنفذون إلا بسلطان } بحجة بينة هي التوحيد والتجريد والتفريد بالعلم والعمل والفناء في الله. { يرسل عليكما شواظ من نار } أي: يمنعكما عن النفوذ من أقطارهما والترقي من أطوارهما لهب صاف عن ممازجة الدخان، أي: سلطان الوهم وأحكامه ومدركاته بإرساله الوهميات إلى حيز العقل والقلب وممانعته إياهما عن الترقي دائماً { ونحاس } دخان، أي: هيئة ظلمانية ترسلها النفس الحيوانية بالميل إلى الهوى والشهوات، فالشواظ مانع من جهة العلم والنحاس من جهة العمل { فلا تنتصران } فلا تمتنعان عنهما وتغلبان عليهما فتنفذان إلا بتوفيق الله وسلطان التوحيد. { فإذا انشقت السماء } أي: السماء الدنيا وهي النفس الحيوانية، وانشقاقها انفلاقها عن الروح عند زهوقه إذ الروح الإنساني نسبته إلى النفس الحيوانية كنسبته إلى البدن. فكما أن حياة البدن بالنفس فحياتها بالروح فتنشق عنه عند زهوقه بمفارقة البدن { فكانت وردة } أي: حمراء لأن لونها متوسط بين لون الروح المجرّد وبين لون البدن، ولون الروح أبيض لنوريته وإدراكه اللذات ولون البدن أسود لظلمته وعدم شعوره باللذات، والمتوسط بين الأبيض والأسود هو الأحمر، وإنما وصفها في سورة البقرة بالصفرة وها هنا بالحمرة لأن هناك وقت الحياة والصفاء وغلبة النورية عليها وطراوة الاستعداد وها هنا وقت الممات والتكدّر وغلبة الظلمة عليها وزوال الاستعداد { كالدهان } كدهن الزيت في لونه ولطافته وذوبانه لصيرورتها إلى الفناء والزوال. { فيومئذ لا يسئل عن ذنبه إنس } من الظاهريين { ولا جان } من الباطنيين لانجذاب كل إلى مقرّه ومركزه وموطنه الذي يقتضيه حاله وما هو الغالب عليه باستعداده الأصلي أو العارضي الراسخ الغالب. وأما الوقف والسؤال المشار إليه في قوله: [الصافات، الآية:24] ونظائره، ففي مواطن أخر من اليوم الطويل الذي كان مقداره خمسين ألف سنة وهو في حال عدم غلبة إحدى الجهتين واستيلاء أحد الأمرين، ففي زمان غلبة النور الأصلي وبقاء الاستعداد الفطري أو حصول الكمال والترقي في الصفات، وفي وقت استيلاء الهيئات الظلمانية وترسخ الغواشي الجسمانية وزوال الاستعداد الأصلي بحصول الرين لا يسئلون، وفي وقت عدم رسوخ تلك الهيئات إلى حدّ الرين وبقائها في القلب مانعة، حاجزة إياها عن الرجوع إلى مقرّها، يوقفون ويسئلون حتى يعذبوا بحسب سيئاتهم على قدر رسوخها، وقد يكون هذا الموطن قبل الموطن الأول في ذلك اليوم على الأمر الأكثر كما ذكر وقد يكون بعده، وذلك عند حبط الأعمال وغلبة الأمر العارضي و استيلائه على الذاتي إلى حد إبطال الاستعداد بالكلية فيدافعه الاستعداد الأصلي قليلاً قليلاً ويتجلى بصور التعذّبات والبليّات شيئاً فشيئاً، حتى يتساوى الأمران كتبرّد الماء المسخّن حين بلوغه إلى كونه فاتراً، فهذا الشخص مطرود في أول الأمر عند قرب الاستعداد إلى الزوال ثم قد يوقف ويسئل عند قرب رجوع الاستعداد إلى الحالة الأولى وإمكان اتصاله بالملكوت. وأما الأشقياء المردودون، المخلّدون في العذاب، والسعداء المقرّبون الذين يدخلون الجنة بغير حساب، فلا يسئلون قط ولا يوقفون للسؤال. فقوله: [الصافات، الآية: 24] ونظائره مخصوص ببعض المعذبين، وهم الأشقياء الذين عاقبتهم النجاة من العذاب.
55,37,{ يا معشر الجنّ والإنس } أي: الباطنيين و الظاهريين { إن استطعتم ان تنفذوا من أقطار السموات والأرض } بالتجرّد عن الهيئات الجسمانية والتعلقات البدنية { فانْفذوا } لتنخرطوا في سلك النفوس الملكية والأرواح الجبروتية، وتصلوا إلى الحضرة الإلهية { لا تنفذون إلا بسلطان } بحجة بينة هي التوحيد والتجريد والتفريد بالعلم والعمل والفناء في الله. { يرسل عليكما شواظ من نار } أي: يمنعكما عن النفوذ من أقطارهما والترقي من أطوارهما لهب صاف عن ممازجة الدخان، أي: سلطان الوهم وأحكامه ومدركاته بإرساله الوهميات إلى حيز العقل والقلب وممانعته إياهما عن الترقي دائماً { ونحاس } دخان، أي: هيئة ظلمانية ترسلها النفس الحيوانية بالميل إلى الهوى والشهوات، فالشواظ مانع من جهة العلم والنحاس من جهة العمل { فلا تنتصران } فلا تمتنعان عنهما وتغلبان عليهما فتنفذان إلا بتوفيق الله وسلطان التوحيد. { فإذا انشقت السماء } أي: السماء الدنيا وهي النفس الحيوانية، وانشقاقها انفلاقها عن الروح عند زهوقه إذ الروح الإنساني نسبته إلى النفس الحيوانية كنسبته إلى البدن. فكما أن حياة البدن بالنفس فحياتها بالروح فتنشق عنه عند زهوقه بمفارقة البدن { فكانت وردة } أي: حمراء لأن لونها متوسط بين لون الروح المجرّد وبين لون البدن، ولون الروح أبيض لنوريته وإدراكه اللذات ولون البدن أسود لظلمته وعدم شعوره باللذات، والمتوسط بين الأبيض والأسود هو الأحمر، وإنما وصفها في سورة البقرة بالصفرة وها هنا بالحمرة لأن هناك وقت الحياة والصفاء وغلبة النورية عليها وطراوة الاستعداد وها هنا وقت الممات والتكدّر وغلبة الظلمة عليها وزوال الاستعداد { كالدهان } كدهن الزيت في لونه ولطافته وذوبانه لصيرورتها إلى الفناء والزوال. { فيومئذ لا يسئل عن ذنبه إنس } من الظاهريين { ولا جان } من الباطنيين لانجذاب كل إلى مقرّه ومركزه وموطنه الذي يقتضيه حاله وما هو الغالب عليه باستعداده الأصلي أو العارضي الراسخ الغالب. وأما الوقف والسؤال المشار إليه في قوله: [الصافات، الآية:24] ونظائره، ففي مواطن أخر من اليوم الطويل الذي كان مقداره خمسين ألف سنة وهو في حال عدم غلبة إحدى الجهتين واستيلاء أحد الأمرين، ففي زمان غلبة النور الأصلي وبقاء الاستعداد الفطري أو حصول الكمال والترقي في الصفات، وفي وقت استيلاء الهيئات الظلمانية وترسخ الغواشي الجسمانية وزوال الاستعداد الأصلي بحصول الرين لا يسئلون، وفي وقت عدم رسوخ تلك الهيئات إلى حدّ الرين وبقائها في القلب مانعة، حاجزة إياها عن الرجوع إلى مقرّها، يوقفون ويسئلون حتى يعذبوا بحسب سيئاتهم على قدر رسوخها، وقد يكون هذا الموطن قبل الموطن الأول في ذلك اليوم على الأمر الأكثر كما ذكر وقد يكون بعده، وذلك عند حبط الأعمال وغلبة الأمر العارضي و استيلائه على الذاتي إلى حد إبطال الاستعداد بالكلية فيدافعه الاستعداد الأصلي قليلاً قليلاً ويتجلى بصور التعذّبات والبليّات شيئاً فشيئاً، حتى يتساوى الأمران كتبرّد الماء المسخّن حين بلوغه إلى كونه فاتراً، فهذا الشخص مطرود في أول الأمر عند قرب الاستعداد إلى الزوال ثم قد يوقف ويسئل عند قرب رجوع الاستعداد إلى الحالة الأولى وإمكان اتصاله بالملكوت. وأما الأشقياء المردودون، المخلّدون في العذاب، والسعداء المقرّبون الذين يدخلون الجنة بغير حساب، فلا يسئلون قط ولا يوقفون للسؤال. فقوله: [الصافات، الآية: 24] ونظائره مخصوص ببعض المعذبين، وهم الأشقياء الذين عاقبتهم النجاة من العذاب.
55,38,{ يا معشر الجنّ والإنس } أي: الباطنيين و الظاهريين { إن استطعتم ان تنفذوا من أقطار السموات والأرض } بالتجرّد عن الهيئات الجسمانية والتعلقات البدنية { فانْفذوا } لتنخرطوا في سلك النفوس الملكية والأرواح الجبروتية، وتصلوا إلى الحضرة الإلهية { لا تنفذون إلا بسلطان } بحجة بينة هي التوحيد والتجريد والتفريد بالعلم والعمل والفناء في الله. { يرسل عليكما شواظ من نار } أي: يمنعكما عن النفوذ من أقطارهما والترقي من أطوارهما لهب صاف عن ممازجة الدخان، أي: سلطان الوهم وأحكامه ومدركاته بإرساله الوهميات إلى حيز العقل والقلب وممانعته إياهما عن الترقي دائماً { ونحاس } دخان، أي: هيئة ظلمانية ترسلها النفس الحيوانية بالميل إلى الهوى والشهوات، فالشواظ مانع من جهة العلم والنحاس من جهة العمل { فلا تنتصران } فلا تمتنعان عنهما وتغلبان عليهما فتنفذان إلا بتوفيق الله وسلطان التوحيد. { فإذا انشقت السماء } أي: السماء الدنيا وهي النفس الحيوانية، وانشقاقها انفلاقها عن الروح عند زهوقه إذ الروح الإنساني نسبته إلى النفس الحيوانية كنسبته إلى البدن. فكما أن حياة البدن بالنفس فحياتها بالروح فتنشق عنه عند زهوقه بمفارقة البدن { فكانت وردة } أي: حمراء لأن لونها متوسط بين لون الروح المجرّد وبين لون البدن، ولون الروح أبيض لنوريته وإدراكه اللذات ولون البدن أسود لظلمته وعدم شعوره باللذات، والمتوسط بين الأبيض والأسود هو الأحمر، وإنما وصفها في سورة البقرة بالصفرة وها هنا بالحمرة لأن هناك وقت الحياة والصفاء وغلبة النورية عليها وطراوة الاستعداد وها هنا وقت الممات والتكدّر وغلبة الظلمة عليها وزوال الاستعداد { كالدهان } كدهن الزيت في لونه ولطافته وذوبانه لصيرورتها إلى الفناء والزوال. { فيومئذ لا يسئل عن ذنبه إنس } من الظاهريين { ولا جان } من الباطنيين لانجذاب كل إلى مقرّه ومركزه وموطنه الذي يقتضيه حاله وما هو الغالب عليه باستعداده الأصلي أو العارضي الراسخ الغالب. وأما الوقف والسؤال المشار إليه في قوله: [الصافات، الآية:24] ونظائره، ففي مواطن أخر من اليوم الطويل الذي كان مقداره خمسين ألف سنة وهو في حال عدم غلبة إحدى الجهتين واستيلاء أحد الأمرين، ففي زمان غلبة النور الأصلي وبقاء الاستعداد الفطري أو حصول الكمال والترقي في الصفات، وفي وقت استيلاء الهيئات الظلمانية وترسخ الغواشي الجسمانية وزوال الاستعداد الأصلي بحصول الرين لا يسئلون، وفي وقت عدم رسوخ تلك الهيئات إلى حدّ الرين وبقائها في القلب مانعة، حاجزة إياها عن الرجوع إلى مقرّها، يوقفون ويسئلون حتى يعذبوا بحسب سيئاتهم على قدر رسوخها، وقد يكون هذا الموطن قبل الموطن الأول في ذلك اليوم على الأمر الأكثر كما ذكر وقد يكون بعده، وذلك عند حبط الأعمال وغلبة الأمر العارضي و استيلائه على الذاتي إلى حد إبطال الاستعداد بالكلية فيدافعه الاستعداد الأصلي قليلاً قليلاً ويتجلى بصور التعذّبات والبليّات شيئاً فشيئاً، حتى يتساوى الأمران كتبرّد الماء المسخّن حين بلوغه إلى كونه فاتراً، فهذا الشخص مطرود في أول الأمر عند قرب الاستعداد إلى الزوال ثم قد يوقف ويسئل عند قرب رجوع الاستعداد إلى الحالة الأولى وإمكان اتصاله بالملكوت. وأما الأشقياء المردودون، المخلّدون في العذاب، والسعداء المقرّبون الذين يدخلون الجنة بغير حساب، فلا يسئلون قط ولا يوقفون للسؤال. فقوله: [الصافات، الآية: 24] ونظائره مخصوص ببعض المعذبين، وهم الأشقياء الذين عاقبتهم النجاة من العذاب.
55,39,{ يا معشر الجنّ والإنس } أي: الباطنيين و الظاهريين { إن استطعتم ان تنفذوا من أقطار السموات والأرض } بالتجرّد عن الهيئات الجسمانية والتعلقات البدنية { فانْفذوا } لتنخرطوا في سلك النفوس الملكية والأرواح الجبروتية، وتصلوا إلى الحضرة الإلهية { لا تنفذون إلا بسلطان } بحجة بينة هي التوحيد والتجريد والتفريد بالعلم والعمل والفناء في الله. { يرسل عليكما شواظ من نار } أي: يمنعكما عن النفوذ من أقطارهما والترقي من أطوارهما لهب صاف عن ممازجة الدخان، أي: سلطان الوهم وأحكامه ومدركاته بإرساله الوهميات إلى حيز العقل والقلب وممانعته إياهما عن الترقي دائماً { ونحاس } دخان، أي: هيئة ظلمانية ترسلها النفس الحيوانية بالميل إلى الهوى والشهوات، فالشواظ مانع من جهة العلم والنحاس من جهة العمل { فلا تنتصران } فلا تمتنعان عنهما وتغلبان عليهما فتنفذان إلا بتوفيق الله وسلطان التوحيد. { فإذا انشقت السماء } أي: السماء الدنيا وهي النفس الحيوانية، وانشقاقها انفلاقها عن الروح عند زهوقه إذ الروح الإنساني نسبته إلى النفس الحيوانية كنسبته إلى البدن. فكما أن حياة البدن بالنفس فحياتها بالروح فتنشق عنه عند زهوقه بمفارقة البدن { فكانت وردة } أي: حمراء لأن لونها متوسط بين لون الروح المجرّد وبين لون البدن، ولون الروح أبيض لنوريته وإدراكه اللذات ولون البدن أسود لظلمته وعدم شعوره باللذات، والمتوسط بين الأبيض والأسود هو الأحمر، وإنما وصفها في سورة البقرة بالصفرة وها هنا بالحمرة لأن هناك وقت الحياة والصفاء وغلبة النورية عليها وطراوة الاستعداد وها هنا وقت الممات والتكدّر وغلبة الظلمة عليها وزوال الاستعداد { كالدهان } كدهن الزيت في لونه ولطافته وذوبانه لصيرورتها إلى الفناء والزوال. { فيومئذ لا يسئل عن ذنبه إنس } من الظاهريين { ولا جان } من الباطنيين لانجذاب كل إلى مقرّه ومركزه وموطنه الذي يقتضيه حاله وما هو الغالب عليه باستعداده الأصلي أو العارضي الراسخ الغالب. وأما الوقف والسؤال المشار إليه في قوله: [الصافات، الآية:24] ونظائره، ففي مواطن أخر من اليوم الطويل الذي كان مقداره خمسين ألف سنة وهو في حال عدم غلبة إحدى الجهتين واستيلاء أحد الأمرين، ففي زمان غلبة النور الأصلي وبقاء الاستعداد الفطري أو حصول الكمال والترقي في الصفات، وفي وقت استيلاء الهيئات الظلمانية وترسخ الغواشي الجسمانية وزوال الاستعداد الأصلي بحصول الرين لا يسئلون، وفي وقت عدم رسوخ تلك الهيئات إلى حدّ الرين وبقائها في القلب مانعة، حاجزة إياها عن الرجوع إلى مقرّها، يوقفون ويسئلون حتى يعذبوا بحسب سيئاتهم على قدر رسوخها، وقد يكون هذا الموطن قبل الموطن الأول في ذلك اليوم على الأمر الأكثر كما ذكر وقد يكون بعده، وذلك عند حبط الأعمال وغلبة الأمر العارضي و استيلائه على الذاتي إلى حد إبطال الاستعداد بالكلية فيدافعه الاستعداد الأصلي قليلاً قليلاً ويتجلى بصور التعذّبات والبليّات شيئاً فشيئاً، حتى يتساوى الأمران كتبرّد الماء المسخّن حين بلوغه إلى كونه فاتراً، فهذا الشخص مطرود في أول الأمر عند قرب الاستعداد إلى الزوال ثم قد يوقف ويسئل عند قرب رجوع الاستعداد إلى الحالة الأولى وإمكان اتصاله بالملكوت. وأما الأشقياء المردودون، المخلّدون في العذاب، والسعداء المقرّبون الذين يدخلون الجنة بغير حساب، فلا يسئلون قط ولا يوقفون للسؤال. فقوله: [الصافات، الآية: 24] ونظائره مخصوص ببعض المعذبين، وهم الأشقياء الذين عاقبتهم النجاة من العذاب.
55,40,{ يا معشر الجنّ والإنس } أي: الباطنيين و الظاهريين { إن استطعتم ان تنفذوا من أقطار السموات والأرض } بالتجرّد عن الهيئات الجسمانية والتعلقات البدنية { فانْفذوا } لتنخرطوا في سلك النفوس الملكية والأرواح الجبروتية، وتصلوا إلى الحضرة الإلهية { لا تنفذون إلا بسلطان } بحجة بينة هي التوحيد والتجريد والتفريد بالعلم والعمل والفناء في الله. { يرسل عليكما شواظ من نار } أي: يمنعكما عن النفوذ من أقطارهما والترقي من أطوارهما لهب صاف عن ممازجة الدخان، أي: سلطان الوهم وأحكامه ومدركاته بإرساله الوهميات إلى حيز العقل والقلب وممانعته إياهما عن الترقي دائماً { ونحاس } دخان، أي: هيئة ظلمانية ترسلها النفس الحيوانية بالميل إلى الهوى والشهوات، فالشواظ مانع من جهة العلم والنحاس من جهة العمل { فلا تنتصران } فلا تمتنعان عنهما وتغلبان عليهما فتنفذان إلا بتوفيق الله وسلطان التوحيد. { فإذا انشقت السماء } أي: السماء الدنيا وهي النفس الحيوانية، وانشقاقها انفلاقها عن الروح عند زهوقه إذ الروح الإنساني نسبته إلى النفس الحيوانية كنسبته إلى البدن. فكما أن حياة البدن بالنفس فحياتها بالروح فتنشق عنه عند زهوقه بمفارقة البدن { فكانت وردة } أي: حمراء لأن لونها متوسط بين لون الروح المجرّد وبين لون البدن، ولون الروح أبيض لنوريته وإدراكه اللذات ولون البدن أسود لظلمته وعدم شعوره باللذات، والمتوسط بين الأبيض والأسود هو الأحمر، وإنما وصفها في سورة البقرة بالصفرة وها هنا بالحمرة لأن هناك وقت الحياة والصفاء وغلبة النورية عليها وطراوة الاستعداد وها هنا وقت الممات والتكدّر وغلبة الظلمة عليها وزوال الاستعداد { كالدهان } كدهن الزيت في لونه ولطافته وذوبانه لصيرورتها إلى الفناء والزوال. { فيومئذ لا يسئل عن ذنبه إنس } من الظاهريين { ولا جان } من الباطنيين لانجذاب كل إلى مقرّه ومركزه وموطنه الذي يقتضيه حاله وما هو الغالب عليه باستعداده الأصلي أو العارضي الراسخ الغالب. وأما الوقف والسؤال المشار إليه في قوله: [الصافات، الآية:24] ونظائره، ففي مواطن أخر من اليوم الطويل الذي كان مقداره خمسين ألف سنة وهو في حال عدم غلبة إحدى الجهتين واستيلاء أحد الأمرين، ففي زمان غلبة النور الأصلي وبقاء الاستعداد الفطري أو حصول الكمال والترقي في الصفات، وفي وقت استيلاء الهيئات الظلمانية وترسخ الغواشي الجسمانية وزوال الاستعداد الأصلي بحصول الرين لا يسئلون، وفي وقت عدم رسوخ تلك الهيئات إلى حدّ الرين وبقائها في القلب مانعة، حاجزة إياها عن الرجوع إلى مقرّها، يوقفون ويسئلون حتى يعذبوا بحسب سيئاتهم على قدر رسوخها، وقد يكون هذا الموطن قبل الموطن الأول في ذلك اليوم على الأمر الأكثر كما ذكر وقد يكون بعده، وذلك عند حبط الأعمال وغلبة الأمر العارضي و استيلائه على الذاتي إلى حد إبطال الاستعداد بالكلية فيدافعه الاستعداد الأصلي قليلاً قليلاً ويتجلى بصور التعذّبات والبليّات شيئاً فشيئاً، حتى يتساوى الأمران كتبرّد الماء المسخّن حين بلوغه إلى كونه فاتراً، فهذا الشخص مطرود في أول الأمر عند قرب الاستعداد إلى الزوال ثم قد يوقف ويسئل عند قرب رجوع الاستعداد إلى الحالة الأولى وإمكان اتصاله بالملكوت. وأما الأشقياء المردودون، المخلّدون في العذاب، والسعداء المقرّبون الذين يدخلون الجنة بغير حساب، فلا يسئلون قط ولا يوقفون للسؤال. فقوله: [الصافات، الآية: 24] ونظائره مخصوص ببعض المعذبين، وهم الأشقياء الذين عاقبتهم النجاة من العذاب.
55,41,{ يعرف المجرمون } الذين غلبت عليهم الهيئات الجرمانية باكتساب الرذائل ورسوخها { بسيماهم } أي: بعلامات تلك الهيئات الظاهرة الغالبة عليهم { فيؤخذ بالنواصي } فيعذبون من فوق ويحجبون ويحبسون مقيدين أسراء من جهة رذيلة الجهل المركب ورسوخ الاعتقادات الفاسدة { والأقدام } أي: يعذبون من أسفل، ويجرّون ويسحبون على وجوههم، ويردّون إلى قعر جهنم كما قيل: يهوي أحدهم فيها سبعين خريفاً لرسوخ الهيئات البدنية والرذائل العملية من إفراط الحرص والشره والبخل والطمع وارتكاب الفواحش والآثام من قبيل الشهوة والغضب. { هذه جهنم } قعر بئر أسفل سافلين من الطبيعة الجسمانية { يطوفون بينهما وبين حميم } قد انتهى حره وإحراقه من الجهل المركب ولهذا قيل: يصبّ من فوق رؤوسهم الحميم، لأن العذاب المستحق من جهة العمل هو نار جهنم من تحت والمستحق من جهة العلم هو الحميم من فوق. { ولمن خاف مقام ربّه } أي: خاف قيامه على نفسه بكونه رقيباً، حافظاً، مهيمناً عليه كما قال: [الرعد، الآية:33] أو خاف ربه كما يقال: خدمت حضرة فلان أي: نفسه { جنتان } إحداهما جنة النفس، والثانية جنة القلب لأن الخوف من صفات النفس ومنازلها عند تنوّرها بنور القلب { ذواتا أفنان } لتفنن شعبهما من القوى والصفات المورقة للأعمال والأخلاق المثمرة للعلوم والأحوال، فإن الأفنان هي المغصنات التي تشعبت عن فروع الشجر عليها الأوراق والثمار.
55,42,{ يعرف المجرمون } الذين غلبت عليهم الهيئات الجرمانية باكتساب الرذائل ورسوخها { بسيماهم } أي: بعلامات تلك الهيئات الظاهرة الغالبة عليهم { فيؤخذ بالنواصي } فيعذبون من فوق ويحجبون ويحبسون مقيدين أسراء من جهة رذيلة الجهل المركب ورسوخ الاعتقادات الفاسدة { والأقدام } أي: يعذبون من أسفل، ويجرّون ويسحبون على وجوههم، ويردّون إلى قعر جهنم كما قيل: يهوي أحدهم فيها سبعين خريفاً لرسوخ الهيئات البدنية والرذائل العملية من إفراط الحرص والشره والبخل والطمع وارتكاب الفواحش والآثام من قبيل الشهوة والغضب. { هذه جهنم } قعر بئر أسفل سافلين من الطبيعة الجسمانية { يطوفون بينهما وبين حميم } قد انتهى حره وإحراقه من الجهل المركب ولهذا قيل: يصبّ من فوق رؤوسهم الحميم، لأن العذاب المستحق من جهة العمل هو نار جهنم من تحت والمستحق من جهة العلم هو الحميم من فوق. { ولمن خاف مقام ربّه } أي: خاف قيامه على نفسه بكونه رقيباً، حافظاً، مهيمناً عليه كما قال: [الرعد، الآية:33] أو خاف ربه كما يقال: خدمت حضرة فلان أي: نفسه { جنتان } إحداهما جنة النفس، والثانية جنة القلب لأن الخوف من صفات النفس ومنازلها عند تنوّرها بنور القلب { ذواتا أفنان } لتفنن شعبهما من القوى والصفات المورقة للأعمال والأخلاق المثمرة للعلوم والأحوال، فإن الأفنان هي المغصنات التي تشعبت عن فروع الشجر عليها الأوراق والثمار.
55,43,{ يعرف المجرمون } الذين غلبت عليهم الهيئات الجرمانية باكتساب الرذائل ورسوخها { بسيماهم } أي: بعلامات تلك الهيئات الظاهرة الغالبة عليهم { فيؤخذ بالنواصي } فيعذبون من فوق ويحجبون ويحبسون مقيدين أسراء من جهة رذيلة الجهل المركب ورسوخ الاعتقادات الفاسدة { والأقدام } أي: يعذبون من أسفل، ويجرّون ويسحبون على وجوههم، ويردّون إلى قعر جهنم كما قيل: يهوي أحدهم فيها سبعين خريفاً لرسوخ الهيئات البدنية والرذائل العملية من إفراط الحرص والشره والبخل والطمع وارتكاب الفواحش والآثام من قبيل الشهوة والغضب. { هذه جهنم } قعر بئر أسفل سافلين من الطبيعة الجسمانية { يطوفون بينهما وبين حميم } قد انتهى حره وإحراقه من الجهل المركب ولهذا قيل: يصبّ من فوق رؤوسهم الحميم، لأن العذاب المستحق من جهة العمل هو نار جهنم من تحت والمستحق من جهة العلم هو الحميم من فوق. { ولمن خاف مقام ربّه } أي: خاف قيامه على نفسه بكونه رقيباً، حافظاً، مهيمناً عليه كما قال: [الرعد، الآية:33] أو خاف ربه كما يقال: خدمت حضرة فلان أي: نفسه { جنتان } إحداهما جنة النفس، والثانية جنة القلب لأن الخوف من صفات النفس ومنازلها عند تنوّرها بنور القلب { ذواتا أفنان } لتفنن شعبهما من القوى والصفات المورقة للأعمال والأخلاق المثمرة للعلوم والأحوال، فإن الأفنان هي المغصنات التي تشعبت عن فروع الشجر عليها الأوراق والثمار.
55,44,{ يعرف المجرمون } الذين غلبت عليهم الهيئات الجرمانية باكتساب الرذائل ورسوخها { بسيماهم } أي: بعلامات تلك الهيئات الظاهرة الغالبة عليهم { فيؤخذ بالنواصي } فيعذبون من فوق ويحجبون ويحبسون مقيدين أسراء من جهة رذيلة الجهل المركب ورسوخ الاعتقادات الفاسدة { والأقدام } أي: يعذبون من أسفل، ويجرّون ويسحبون على وجوههم، ويردّون إلى قعر جهنم كما قيل: يهوي أحدهم فيها سبعين خريفاً لرسوخ الهيئات البدنية والرذائل العملية من إفراط الحرص والشره والبخل والطمع وارتكاب الفواحش والآثام من قبيل الشهوة والغضب. { هذه جهنم } قعر بئر أسفل سافلين من الطبيعة الجسمانية { يطوفون بينهما وبين حميم } قد انتهى حره وإحراقه من الجهل المركب ولهذا قيل: يصبّ من فوق رؤوسهم الحميم، لأن العذاب المستحق من جهة العمل هو نار جهنم من تحت والمستحق من جهة العلم هو الحميم من فوق. { ولمن خاف مقام ربّه } أي: خاف قيامه على نفسه بكونه رقيباً، حافظاً، مهيمناً عليه كما قال: [الرعد، الآية:33] أو خاف ربه كما يقال: خدمت حضرة فلان أي: نفسه { جنتان } إحداهما جنة النفس، والثانية جنة القلب لأن الخوف من صفات النفس ومنازلها عند تنوّرها بنور القلب { ذواتا أفنان } لتفنن شعبهما من القوى والصفات المورقة للأعمال والأخلاق المثمرة للعلوم والأحوال، فإن الأفنان هي المغصنات التي تشعبت عن فروع الشجر عليها الأوراق والثمار.
55,45,{ يعرف المجرمون } الذين غلبت عليهم الهيئات الجرمانية باكتساب الرذائل ورسوخها { بسيماهم } أي: بعلامات تلك الهيئات الظاهرة الغالبة عليهم { فيؤخذ بالنواصي } فيعذبون من فوق ويحجبون ويحبسون مقيدين أسراء من جهة رذيلة الجهل المركب ورسوخ الاعتقادات الفاسدة { والأقدام } أي: يعذبون من أسفل، ويجرّون ويسحبون على وجوههم، ويردّون إلى قعر جهنم كما قيل: يهوي أحدهم فيها سبعين خريفاً لرسوخ الهيئات البدنية والرذائل العملية من إفراط الحرص والشره والبخل والطمع وارتكاب الفواحش والآثام من قبيل الشهوة والغضب. { هذه جهنم } قعر بئر أسفل سافلين من الطبيعة الجسمانية { يطوفون بينهما وبين حميم } قد انتهى حره وإحراقه من الجهل المركب ولهذا قيل: يصبّ من فوق رؤوسهم الحميم، لأن العذاب المستحق من جهة العمل هو نار جهنم من تحت والمستحق من جهة العلم هو الحميم من فوق. { ولمن خاف مقام ربّه } أي: خاف قيامه على نفسه بكونه رقيباً، حافظاً، مهيمناً عليه كما قال: [الرعد، الآية:33] أو خاف ربه كما يقال: خدمت حضرة فلان أي: نفسه { جنتان } إحداهما جنة النفس، والثانية جنة القلب لأن الخوف من صفات النفس ومنازلها عند تنوّرها بنور القلب { ذواتا أفنان } لتفنن شعبهما من القوى والصفات المورقة للأعمال والأخلاق المثمرة للعلوم والأحوال، فإن الأفنان هي المغصنات التي تشعبت عن فروع الشجر عليها الأوراق والثمار.
55,46,{ يعرف المجرمون } الذين غلبت عليهم الهيئات الجرمانية باكتساب الرذائل ورسوخها { بسيماهم } أي: بعلامات تلك الهيئات الظاهرة الغالبة عليهم { فيؤخذ بالنواصي } فيعذبون من فوق ويحجبون ويحبسون مقيدين أسراء من جهة رذيلة الجهل المركب ورسوخ الاعتقادات الفاسدة { والأقدام } أي: يعذبون من أسفل، ويجرّون ويسحبون على وجوههم، ويردّون إلى قعر جهنم كما قيل: يهوي أحدهم فيها سبعين خريفاً لرسوخ الهيئات البدنية والرذائل العملية من إفراط الحرص والشره والبخل والطمع وارتكاب الفواحش والآثام من قبيل الشهوة والغضب. { هذه جهنم } قعر بئر أسفل سافلين من الطبيعة الجسمانية { يطوفون بينهما وبين حميم } قد انتهى حره وإحراقه من الجهل المركب ولهذا قيل: يصبّ من فوق رؤوسهم الحميم، لأن العذاب المستحق من جهة العمل هو نار جهنم من تحت والمستحق من جهة العلم هو الحميم من فوق. { ولمن خاف مقام ربّه } أي: خاف قيامه على نفسه بكونه رقيباً، حافظاً، مهيمناً عليه كما قال: [الرعد، الآية:33] أو خاف ربه كما يقال: خدمت حضرة فلان أي: نفسه { جنتان } إحداهما جنة النفس، والثانية جنة القلب لأن الخوف من صفات النفس ومنازلها عند تنوّرها بنور القلب { ذواتا أفنان } لتفنن شعبهما من القوى والصفات المورقة للأعمال والأخلاق المثمرة للعلوم والأحوال، فإن الأفنان هي المغصنات التي تشعبت عن فروع الشجر عليها الأوراق والثمار.
55,47,{ يعرف المجرمون } الذين غلبت عليهم الهيئات الجرمانية باكتساب الرذائل ورسوخها { بسيماهم } أي: بعلامات تلك الهيئات الظاهرة الغالبة عليهم { فيؤخذ بالنواصي } فيعذبون من فوق ويحجبون ويحبسون مقيدين أسراء من جهة رذيلة الجهل المركب ورسوخ الاعتقادات الفاسدة { والأقدام } أي: يعذبون من أسفل، ويجرّون ويسحبون على وجوههم، ويردّون إلى قعر جهنم كما قيل: يهوي أحدهم فيها سبعين خريفاً لرسوخ الهيئات البدنية والرذائل العملية من إفراط الحرص والشره والبخل والطمع وارتكاب الفواحش والآثام من قبيل الشهوة والغضب. { هذه جهنم } قعر بئر أسفل سافلين من الطبيعة الجسمانية { يطوفون بينهما وبين حميم } قد انتهى حره وإحراقه من الجهل المركب ولهذا قيل: يصبّ من فوق رؤوسهم الحميم، لأن العذاب المستحق من جهة العمل هو نار جهنم من تحت والمستحق من جهة العلم هو الحميم من فوق. { ولمن خاف مقام ربّه } أي: خاف قيامه على نفسه بكونه رقيباً، حافظاً، مهيمناً عليه كما قال: [الرعد، الآية:33] أو خاف ربه كما يقال: خدمت حضرة فلان أي: نفسه { جنتان } إحداهما جنة النفس، والثانية جنة القلب لأن الخوف من صفات النفس ومنازلها عند تنوّرها بنور القلب { ذواتا أفنان } لتفنن شعبهما من القوى والصفات المورقة للأعمال والأخلاق المثمرة للعلوم والأحوال، فإن الأفنان هي المغصنات التي تشعبت عن فروع الشجر عليها الأوراق والثمار.
55,48,{ يعرف المجرمون } الذين غلبت عليهم الهيئات الجرمانية باكتساب الرذائل ورسوخها { بسيماهم } أي: بعلامات تلك الهيئات الظاهرة الغالبة عليهم { فيؤخذ بالنواصي } فيعذبون من فوق ويحجبون ويحبسون مقيدين أسراء من جهة رذيلة الجهل المركب ورسوخ الاعتقادات الفاسدة { والأقدام } أي: يعذبون من أسفل، ويجرّون ويسحبون على وجوههم، ويردّون إلى قعر جهنم كما قيل: يهوي أحدهم فيها سبعين خريفاً لرسوخ الهيئات البدنية والرذائل العملية من إفراط الحرص والشره والبخل والطمع وارتكاب الفواحش والآثام من قبيل الشهوة والغضب. { هذه جهنم } قعر بئر أسفل سافلين من الطبيعة الجسمانية { يطوفون بينهما وبين حميم } قد انتهى حره وإحراقه من الجهل المركب ولهذا قيل: يصبّ من فوق رؤوسهم الحميم، لأن العذاب المستحق من جهة العمل هو نار جهنم من تحت والمستحق من جهة العلم هو الحميم من فوق. { ولمن خاف مقام ربّه } أي: خاف قيامه على نفسه بكونه رقيباً، حافظاً، مهيمناً عليه كما قال: [الرعد، الآية:33] أو خاف ربه كما يقال: خدمت حضرة فلان أي: نفسه { جنتان } إحداهما جنة النفس، والثانية جنة القلب لأن الخوف من صفات النفس ومنازلها عند تنوّرها بنور القلب { ذواتا أفنان } لتفنن شعبهما من القوى والصفات المورقة للأعمال والأخلاق المثمرة للعلوم والأحوال، فإن الأفنان هي المغصنات التي تشعبت عن فروع الشجر عليها الأوراق والثمار.
55,49,{ يعرف المجرمون } الذين غلبت عليهم الهيئات الجرمانية باكتساب الرذائل ورسوخها { بسيماهم } أي: بعلامات تلك الهيئات الظاهرة الغالبة عليهم { فيؤخذ بالنواصي } فيعذبون من فوق ويحجبون ويحبسون مقيدين أسراء من جهة رذيلة الجهل المركب ورسوخ الاعتقادات الفاسدة { والأقدام } أي: يعذبون من أسفل، ويجرّون ويسحبون على وجوههم، ويردّون إلى قعر جهنم كما قيل: يهوي أحدهم فيها سبعين خريفاً لرسوخ الهيئات البدنية والرذائل العملية من إفراط الحرص والشره والبخل والطمع وارتكاب الفواحش والآثام من قبيل الشهوة والغضب. { هذه جهنم } قعر بئر أسفل سافلين من الطبيعة الجسمانية { يطوفون بينهما وبين حميم } قد انتهى حره وإحراقه من الجهل المركب ولهذا قيل: يصبّ من فوق رؤوسهم الحميم، لأن العذاب المستحق من جهة العمل هو نار جهنم من تحت والمستحق من جهة العلم هو الحميم من فوق. { ولمن خاف مقام ربّه } أي: خاف قيامه على نفسه بكونه رقيباً، حافظاً، مهيمناً عليه كما قال: [الرعد، الآية:33] أو خاف ربه كما يقال: خدمت حضرة فلان أي: نفسه { جنتان } إحداهما جنة النفس، والثانية جنة القلب لأن الخوف من صفات النفس ومنازلها عند تنوّرها بنور القلب { ذواتا أفنان } لتفنن شعبهما من القوى والصفات المورقة للأعمال والأخلاق المثمرة للعلوم والأحوال، فإن الأفنان هي المغصنات التي تشعبت عن فروع الشجر عليها الأوراق والثمار.
55,50,{ فيهما عينان } من الإدراكات الجزئية والكلية { تجريان } إليهما من جنة الروح تنبتان فيهما ثمرات المدركات وتجليات الصفات. { فيهما من كل فاكهة } من مدركاتها اللذيذة { زوجان } أي: صنفان، صنف جزئي معروف مألوف وصنف كلي غريب لأن كل ما يدركه القلب من المعاني الكلية فله صورة جزئية في النفس وبالعكس { متكئين على فرش } هي مراتب كمالاتها ومقاماتها { بطائنها من إستبرق } أي: جهتها التي تلي السفل، أعني: النفس من هيئات الأعمال الصالحة من فضائل الأخلاق ومكارم الصفات ومحاسن الملكات، وظهائرها التي تلي الروح من سندس تجليات الأنوار ولطائف المواهب والأحوال الحاصلة من مكاشفات العلوم والمعارف كما هو في سورة الدخان. { وجنى الجنتين } ثمراتها ومدركاتها { دانٍ } قريب، كلما شاؤوا حيث كانوا على أي وضع كانوا قياماً أو قعوداً أو على جنوبهم أدركوها واجتنوها ونبت في الحال مكانها أخرى من جنسها كما ذكر في وصفها { فيهنّ قاصرات الطرف } مما يتصلون بها من النفوس الملكوتية التي في مراتبها وما تحتها سماوية كانت أو أرضية، مزكاة صافية مطهرة لا يجاوز نظرها مراتبهم ولا تطلب كمالاً وراء كمالاتهم لكون استعداداتها مساوية لاستعدادهم أو أنقص منها، وإلا جاوزت جناتهم وارتفعت عن درجاتهم، فلم تكن قاصرات الطرف ولم تقنع بوصالهم ولذات معاشراتهم ومباشراتهم { لم يطمثهنّ إنس قبلهم } من النفوس البشرية لاختصاصها بهم في النشأة ولتقدّس ذواتها وامتناع اتصال النفوس المنغمسة في الأبدان بها { ولا جانّ } من القوى الوهمية والنفوس الأرضية المحجوبة بالهيئات السفلية. { كأنهن الياقوت والمرجان } شبهت اللواتي في جنّة النفس من الحور بالياقوت لكون الياقوت مع حسنه وصفائه ورونقه وبهائه ذا لون أحمر يناسب لون النفس، واللواتي في جنة القلب بالمرجان لغاية بياضه ونوريته، وقيل: صغار الدرّ أصفى وأبيض من كبارها.
55,51,{ فيهما عينان } من الإدراكات الجزئية والكلية { تجريان } إليهما من جنة الروح تنبتان فيهما ثمرات المدركات وتجليات الصفات. { فيهما من كل فاكهة } من مدركاتها اللذيذة { زوجان } أي: صنفان، صنف جزئي معروف مألوف وصنف كلي غريب لأن كل ما يدركه القلب من المعاني الكلية فله صورة جزئية في النفس وبالعكس { متكئين على فرش } هي مراتب كمالاتها ومقاماتها { بطائنها من إستبرق } أي: جهتها التي تلي السفل، أعني: النفس من هيئات الأعمال الصالحة من فضائل الأخلاق ومكارم الصفات ومحاسن الملكات، وظهائرها التي تلي الروح من سندس تجليات الأنوار ولطائف المواهب والأحوال الحاصلة من مكاشفات العلوم والمعارف كما هو في سورة الدخان. { وجنى الجنتين } ثمراتها ومدركاتها { دانٍ } قريب، كلما شاؤوا حيث كانوا على أي وضع كانوا قياماً أو قعوداً أو على جنوبهم أدركوها واجتنوها ونبت في الحال مكانها أخرى من جنسها كما ذكر في وصفها { فيهنّ قاصرات الطرف } مما يتصلون بها من النفوس الملكوتية التي في مراتبها وما تحتها سماوية كانت أو أرضية، مزكاة صافية مطهرة لا يجاوز نظرها مراتبهم ولا تطلب كمالاً وراء كمالاتهم لكون استعداداتها مساوية لاستعدادهم أو أنقص منها، وإلا جاوزت جناتهم وارتفعت عن درجاتهم، فلم تكن قاصرات الطرف ولم تقنع بوصالهم ولذات معاشراتهم ومباشراتهم { لم يطمثهنّ إنس قبلهم } من النفوس البشرية لاختصاصها بهم في النشأة ولتقدّس ذواتها وامتناع اتصال النفوس المنغمسة في الأبدان بها { ولا جانّ } من القوى الوهمية والنفوس الأرضية المحجوبة بالهيئات السفلية. { كأنهن الياقوت والمرجان } شبهت اللواتي في جنّة النفس من الحور بالياقوت لكون الياقوت مع حسنه وصفائه ورونقه وبهائه ذا لون أحمر يناسب لون النفس، واللواتي في جنة القلب بالمرجان لغاية بياضه ونوريته، وقيل: صغار الدرّ أصفى وأبيض من كبارها.
55,52,{ فيهما عينان } من الإدراكات الجزئية والكلية { تجريان } إليهما من جنة الروح تنبتان فيهما ثمرات المدركات وتجليات الصفات. { فيهما من كل فاكهة } من مدركاتها اللذيذة { زوجان } أي: صنفان، صنف جزئي معروف مألوف وصنف كلي غريب لأن كل ما يدركه القلب من المعاني الكلية فله صورة جزئية في النفس وبالعكس { متكئين على فرش } هي مراتب كمالاتها ومقاماتها { بطائنها من إستبرق } أي: جهتها التي تلي السفل، أعني: النفس من هيئات الأعمال الصالحة من فضائل الأخلاق ومكارم الصفات ومحاسن الملكات، وظهائرها التي تلي الروح من سندس تجليات الأنوار ولطائف المواهب والأحوال الحاصلة من مكاشفات العلوم والمعارف كما هو في سورة الدخان. { وجنى الجنتين } ثمراتها ومدركاتها { دانٍ } قريب، كلما شاؤوا حيث كانوا على أي وضع كانوا قياماً أو قعوداً أو على جنوبهم أدركوها واجتنوها ونبت في الحال مكانها أخرى من جنسها كما ذكر في وصفها { فيهنّ قاصرات الطرف } مما يتصلون بها من النفوس الملكوتية التي في مراتبها وما تحتها سماوية كانت أو أرضية، مزكاة صافية مطهرة لا يجاوز نظرها مراتبهم ولا تطلب كمالاً وراء كمالاتهم لكون استعداداتها مساوية لاستعدادهم أو أنقص منها، وإلا جاوزت جناتهم وارتفعت عن درجاتهم، فلم تكن قاصرات الطرف ولم تقنع بوصالهم ولذات معاشراتهم ومباشراتهم { لم يطمثهنّ إنس قبلهم } من النفوس البشرية لاختصاصها بهم في النشأة ولتقدّس ذواتها وامتناع اتصال النفوس المنغمسة في الأبدان بها { ولا جانّ } من القوى الوهمية والنفوس الأرضية المحجوبة بالهيئات السفلية. { كأنهن الياقوت والمرجان } شبهت اللواتي في جنّة النفس من الحور بالياقوت لكون الياقوت مع حسنه وصفائه ورونقه وبهائه ذا لون أحمر يناسب لون النفس، واللواتي في جنة القلب بالمرجان لغاية بياضه ونوريته، وقيل: صغار الدرّ أصفى وأبيض من كبارها.
55,53,{ فيهما عينان } من الإدراكات الجزئية والكلية { تجريان } إليهما من جنة الروح تنبتان فيهما ثمرات المدركات وتجليات الصفات. { فيهما من كل فاكهة } من مدركاتها اللذيذة { زوجان } أي: صنفان، صنف جزئي معروف مألوف وصنف كلي غريب لأن كل ما يدركه القلب من المعاني الكلية فله صورة جزئية في النفس وبالعكس { متكئين على فرش } هي مراتب كمالاتها ومقاماتها { بطائنها من إستبرق } أي: جهتها التي تلي السفل، أعني: النفس من هيئات الأعمال الصالحة من فضائل الأخلاق ومكارم الصفات ومحاسن الملكات، وظهائرها التي تلي الروح من سندس تجليات الأنوار ولطائف المواهب والأحوال الحاصلة من مكاشفات العلوم والمعارف كما هو في سورة الدخان. { وجنى الجنتين } ثمراتها ومدركاتها { دانٍ } قريب، كلما شاؤوا حيث كانوا على أي وضع كانوا قياماً أو قعوداً أو على جنوبهم أدركوها واجتنوها ونبت في الحال مكانها أخرى من جنسها كما ذكر في وصفها { فيهنّ قاصرات الطرف } مما يتصلون بها من النفوس الملكوتية التي في مراتبها وما تحتها سماوية كانت أو أرضية، مزكاة صافية مطهرة لا يجاوز نظرها مراتبهم ولا تطلب كمالاً وراء كمالاتهم لكون استعداداتها مساوية لاستعدادهم أو أنقص منها، وإلا جاوزت جناتهم وارتفعت عن درجاتهم، فلم تكن قاصرات الطرف ولم تقنع بوصالهم ولذات معاشراتهم ومباشراتهم { لم يطمثهنّ إنس قبلهم } من النفوس البشرية لاختصاصها بهم في النشأة ولتقدّس ذواتها وامتناع اتصال النفوس المنغمسة في الأبدان بها { ولا جانّ } من القوى الوهمية والنفوس الأرضية المحجوبة بالهيئات السفلية. { كأنهن الياقوت والمرجان } شبهت اللواتي في جنّة النفس من الحور بالياقوت لكون الياقوت مع حسنه وصفائه ورونقه وبهائه ذا لون أحمر يناسب لون النفس، واللواتي في جنة القلب بالمرجان لغاية بياضه ونوريته، وقيل: صغار الدرّ أصفى وأبيض من كبارها.
55,54,{ فيهما عينان } من الإدراكات الجزئية والكلية { تجريان } إليهما من جنة الروح تنبتان فيهما ثمرات المدركات وتجليات الصفات. { فيهما من كل فاكهة } من مدركاتها اللذيذة { زوجان } أي: صنفان، صنف جزئي معروف مألوف وصنف كلي غريب لأن كل ما يدركه القلب من المعاني الكلية فله صورة جزئية في النفس وبالعكس { متكئين على فرش } هي مراتب كمالاتها ومقاماتها { بطائنها من إستبرق } أي: جهتها التي تلي السفل، أعني: النفس من هيئات الأعمال الصالحة من فضائل الأخلاق ومكارم الصفات ومحاسن الملكات، وظهائرها التي تلي الروح من سندس تجليات الأنوار ولطائف المواهب والأحوال الحاصلة من مكاشفات العلوم والمعارف كما هو في سورة الدخان. { وجنى الجنتين } ثمراتها ومدركاتها { دانٍ } قريب، كلما شاؤوا حيث كانوا على أي وضع كانوا قياماً أو قعوداً أو على جنوبهم أدركوها واجتنوها ونبت في الحال مكانها أخرى من جنسها كما ذكر في وصفها { فيهنّ قاصرات الطرف } مما يتصلون بها من النفوس الملكوتية التي في مراتبها وما تحتها سماوية كانت أو أرضية، مزكاة صافية مطهرة لا يجاوز نظرها مراتبهم ولا تطلب كمالاً وراء كمالاتهم لكون استعداداتها مساوية لاستعدادهم أو أنقص منها، وإلا جاوزت جناتهم وارتفعت عن درجاتهم، فلم تكن قاصرات الطرف ولم تقنع بوصالهم ولذات معاشراتهم ومباشراتهم { لم يطمثهنّ إنس قبلهم } من النفوس البشرية لاختصاصها بهم في النشأة ولتقدّس ذواتها وامتناع اتصال النفوس المنغمسة في الأبدان بها { ولا جانّ } من القوى الوهمية والنفوس الأرضية المحجوبة بالهيئات السفلية. { كأنهن الياقوت والمرجان } شبهت اللواتي في جنّة النفس من الحور بالياقوت لكون الياقوت مع حسنه وصفائه ورونقه وبهائه ذا لون أحمر يناسب لون النفس، واللواتي في جنة القلب بالمرجان لغاية بياضه ونوريته، وقيل: صغار الدرّ أصفى وأبيض من كبارها.
55,55,{ فيهما عينان } من الإدراكات الجزئية والكلية { تجريان } إليهما من جنة الروح تنبتان فيهما ثمرات المدركات وتجليات الصفات. { فيهما من كل فاكهة } من مدركاتها اللذيذة { زوجان } أي: صنفان، صنف جزئي معروف مألوف وصنف كلي غريب لأن كل ما يدركه القلب من المعاني الكلية فله صورة جزئية في النفس وبالعكس { متكئين على فرش } هي مراتب كمالاتها ومقاماتها { بطائنها من إستبرق } أي: جهتها التي تلي السفل، أعني: النفس من هيئات الأعمال الصالحة من فضائل الأخلاق ومكارم الصفات ومحاسن الملكات، وظهائرها التي تلي الروح من سندس تجليات الأنوار ولطائف المواهب والأحوال الحاصلة من مكاشفات العلوم والمعارف كما هو في سورة الدخان. { وجنى الجنتين } ثمراتها ومدركاتها { دانٍ } قريب، كلما شاؤوا حيث كانوا على أي وضع كانوا قياماً أو قعوداً أو على جنوبهم أدركوها واجتنوها ونبت في الحال مكانها أخرى من جنسها كما ذكر في وصفها { فيهنّ قاصرات الطرف } مما يتصلون بها من النفوس الملكوتية التي في مراتبها وما تحتها سماوية كانت أو أرضية، مزكاة صافية مطهرة لا يجاوز نظرها مراتبهم ولا تطلب كمالاً وراء كمالاتهم لكون استعداداتها مساوية لاستعدادهم أو أنقص منها، وإلا جاوزت جناتهم وارتفعت عن درجاتهم، فلم تكن قاصرات الطرف ولم تقنع بوصالهم ولذات معاشراتهم ومباشراتهم { لم يطمثهنّ إنس قبلهم } من النفوس البشرية لاختصاصها بهم في النشأة ولتقدّس ذواتها وامتناع اتصال النفوس المنغمسة في الأبدان بها { ولا جانّ } من القوى الوهمية والنفوس الأرضية المحجوبة بالهيئات السفلية. { كأنهن الياقوت والمرجان } شبهت اللواتي في جنّة النفس من الحور بالياقوت لكون الياقوت مع حسنه وصفائه ورونقه وبهائه ذا لون أحمر يناسب لون النفس، واللواتي في جنة القلب بالمرجان لغاية بياضه ونوريته، وقيل: صغار الدرّ أصفى وأبيض من كبارها.
55,56,{ فيهما عينان } من الإدراكات الجزئية والكلية { تجريان } إليهما من جنة الروح تنبتان فيهما ثمرات المدركات وتجليات الصفات. { فيهما من كل فاكهة } من مدركاتها اللذيذة { زوجان } أي: صنفان، صنف جزئي معروف مألوف وصنف كلي غريب لأن كل ما يدركه القلب من المعاني الكلية فله صورة جزئية في النفس وبالعكس { متكئين على فرش } هي مراتب كمالاتها ومقاماتها { بطائنها من إستبرق } أي: جهتها التي تلي السفل، أعني: النفس من هيئات الأعمال الصالحة من فضائل الأخلاق ومكارم الصفات ومحاسن الملكات، وظهائرها التي تلي الروح من سندس تجليات الأنوار ولطائف المواهب والأحوال الحاصلة من مكاشفات العلوم والمعارف كما هو في سورة الدخان. { وجنى الجنتين } ثمراتها ومدركاتها { دانٍ } قريب، كلما شاؤوا حيث كانوا على أي وضع كانوا قياماً أو قعوداً أو على جنوبهم أدركوها واجتنوها ونبت في الحال مكانها أخرى من جنسها كما ذكر في وصفها { فيهنّ قاصرات الطرف } مما يتصلون بها من النفوس الملكوتية التي في مراتبها وما تحتها سماوية كانت أو أرضية، مزكاة صافية مطهرة لا يجاوز نظرها مراتبهم ولا تطلب كمالاً وراء كمالاتهم لكون استعداداتها مساوية لاستعدادهم أو أنقص منها، وإلا جاوزت جناتهم وارتفعت عن درجاتهم، فلم تكن قاصرات الطرف ولم تقنع بوصالهم ولذات معاشراتهم ومباشراتهم { لم يطمثهنّ إنس قبلهم } من النفوس البشرية لاختصاصها بهم في النشأة ولتقدّس ذواتها وامتناع اتصال النفوس المنغمسة في الأبدان بها { ولا جانّ } من القوى الوهمية والنفوس الأرضية المحجوبة بالهيئات السفلية. { كأنهن الياقوت والمرجان } شبهت اللواتي في جنّة النفس من الحور بالياقوت لكون الياقوت مع حسنه وصفائه ورونقه وبهائه ذا لون أحمر يناسب لون النفس، واللواتي في جنة القلب بالمرجان لغاية بياضه ونوريته، وقيل: صغار الدرّ أصفى وأبيض من كبارها.
55,57,{ فيهما عينان } من الإدراكات الجزئية والكلية { تجريان } إليهما من جنة الروح تنبتان فيهما ثمرات المدركات وتجليات الصفات. { فيهما من كل فاكهة } من مدركاتها اللذيذة { زوجان } أي: صنفان، صنف جزئي معروف مألوف وصنف كلي غريب لأن كل ما يدركه القلب من المعاني الكلية فله صورة جزئية في النفس وبالعكس { متكئين على فرش } هي مراتب كمالاتها ومقاماتها { بطائنها من إستبرق } أي: جهتها التي تلي السفل، أعني: النفس من هيئات الأعمال الصالحة من فضائل الأخلاق ومكارم الصفات ومحاسن الملكات، وظهائرها التي تلي الروح من سندس تجليات الأنوار ولطائف المواهب والأحوال الحاصلة من مكاشفات العلوم والمعارف كما هو في سورة الدخان. { وجنى الجنتين } ثمراتها ومدركاتها { دانٍ } قريب، كلما شاؤوا حيث كانوا على أي وضع كانوا قياماً أو قعوداً أو على جنوبهم أدركوها واجتنوها ونبت في الحال مكانها أخرى من جنسها كما ذكر في وصفها { فيهنّ قاصرات الطرف } مما يتصلون بها من النفوس الملكوتية التي في مراتبها وما تحتها سماوية كانت أو أرضية، مزكاة صافية مطهرة لا يجاوز نظرها مراتبهم ولا تطلب كمالاً وراء كمالاتهم لكون استعداداتها مساوية لاستعدادهم أو أنقص منها، وإلا جاوزت جناتهم وارتفعت عن درجاتهم، فلم تكن قاصرات الطرف ولم تقنع بوصالهم ولذات معاشراتهم ومباشراتهم { لم يطمثهنّ إنس قبلهم } من النفوس البشرية لاختصاصها بهم في النشأة ولتقدّس ذواتها وامتناع اتصال النفوس المنغمسة في الأبدان بها { ولا جانّ } من القوى الوهمية والنفوس الأرضية المحجوبة بالهيئات السفلية. { كأنهن الياقوت والمرجان } شبهت اللواتي في جنّة النفس من الحور بالياقوت لكون الياقوت مع حسنه وصفائه ورونقه وبهائه ذا لون أحمر يناسب لون النفس، واللواتي في جنة القلب بالمرجان لغاية بياضه ونوريته، وقيل: صغار الدرّ أصفى وأبيض من كبارها.
55,58,{ فيهما عينان } من الإدراكات الجزئية والكلية { تجريان } إليهما من جنة الروح تنبتان فيهما ثمرات المدركات وتجليات الصفات. { فيهما من كل فاكهة } من مدركاتها اللذيذة { زوجان } أي: صنفان، صنف جزئي معروف مألوف وصنف كلي غريب لأن كل ما يدركه القلب من المعاني الكلية فله صورة جزئية في النفس وبالعكس { متكئين على فرش } هي مراتب كمالاتها ومقاماتها { بطائنها من إستبرق } أي: جهتها التي تلي السفل، أعني: النفس من هيئات الأعمال الصالحة من فضائل الأخلاق ومكارم الصفات ومحاسن الملكات، وظهائرها التي تلي الروح من سندس تجليات الأنوار ولطائف المواهب والأحوال الحاصلة من مكاشفات العلوم والمعارف كما هو في سورة الدخان. { وجنى الجنتين } ثمراتها ومدركاتها { دانٍ } قريب، كلما شاؤوا حيث كانوا على أي وضع كانوا قياماً أو قعوداً أو على جنوبهم أدركوها واجتنوها ونبت في الحال مكانها أخرى من جنسها كما ذكر في وصفها { فيهنّ قاصرات الطرف } مما يتصلون بها من النفوس الملكوتية التي في مراتبها وما تحتها سماوية كانت أو أرضية، مزكاة صافية مطهرة لا يجاوز نظرها مراتبهم ولا تطلب كمالاً وراء كمالاتهم لكون استعداداتها مساوية لاستعدادهم أو أنقص منها، وإلا جاوزت جناتهم وارتفعت عن درجاتهم، فلم تكن قاصرات الطرف ولم تقنع بوصالهم ولذات معاشراتهم ومباشراتهم { لم يطمثهنّ إنس قبلهم } من النفوس البشرية لاختصاصها بهم في النشأة ولتقدّس ذواتها وامتناع اتصال النفوس المنغمسة في الأبدان بها { ولا جانّ } من القوى الوهمية والنفوس الأرضية المحجوبة بالهيئات السفلية. { كأنهن الياقوت والمرجان } شبهت اللواتي في جنّة النفس من الحور بالياقوت لكون الياقوت مع حسنه وصفائه ورونقه وبهائه ذا لون أحمر يناسب لون النفس، واللواتي في جنة القلب بالمرجان لغاية بياضه ونوريته، وقيل: صغار الدرّ أصفى وأبيض من كبارها.
55,59,{ فيهما عينان } من الإدراكات الجزئية والكلية { تجريان } إليهما من جنة الروح تنبتان فيهما ثمرات المدركات وتجليات الصفات. { فيهما من كل فاكهة } من مدركاتها اللذيذة { زوجان } أي: صنفان، صنف جزئي معروف مألوف وصنف كلي غريب لأن كل ما يدركه القلب من المعاني الكلية فله صورة جزئية في النفس وبالعكس { متكئين على فرش } هي مراتب كمالاتها ومقاماتها { بطائنها من إستبرق } أي: جهتها التي تلي السفل، أعني: النفس من هيئات الأعمال الصالحة من فضائل الأخلاق ومكارم الصفات ومحاسن الملكات، وظهائرها التي تلي الروح من سندس تجليات الأنوار ولطائف المواهب والأحوال الحاصلة من مكاشفات العلوم والمعارف كما هو في سورة الدخان. { وجنى الجنتين } ثمراتها ومدركاتها { دانٍ } قريب، كلما شاؤوا حيث كانوا على أي وضع كانوا قياماً أو قعوداً أو على جنوبهم أدركوها واجتنوها ونبت في الحال مكانها أخرى من جنسها كما ذكر في وصفها { فيهنّ قاصرات الطرف } مما يتصلون بها من النفوس الملكوتية التي في مراتبها وما تحتها سماوية كانت أو أرضية، مزكاة صافية مطهرة لا يجاوز نظرها مراتبهم ولا تطلب كمالاً وراء كمالاتهم لكون استعداداتها مساوية لاستعدادهم أو أنقص منها، وإلا جاوزت جناتهم وارتفعت عن درجاتهم، فلم تكن قاصرات الطرف ولم تقنع بوصالهم ولذات معاشراتهم ومباشراتهم { لم يطمثهنّ إنس قبلهم } من النفوس البشرية لاختصاصها بهم في النشأة ولتقدّس ذواتها وامتناع اتصال النفوس المنغمسة في الأبدان بها { ولا جانّ } من القوى الوهمية والنفوس الأرضية المحجوبة بالهيئات السفلية. { كأنهن الياقوت والمرجان } شبهت اللواتي في جنّة النفس من الحور بالياقوت لكون الياقوت مع حسنه وصفائه ورونقه وبهائه ذا لون أحمر يناسب لون النفس، واللواتي في جنة القلب بالمرجان لغاية بياضه ونوريته، وقيل: صغار الدرّ أصفى وأبيض من كبارها.
55,60,{ هل جزاء الإحسان } في العمل وهو العبادة مع الحضور { إلاَّ الإحسان } في الثواب بحصول الكمال والوصول إلى الجنّتين المذكورتين. { ومن دونهما } أي: من ورائهما من مكان قريب منهما كما تقول: دونك الأسد، لا من دونهما بالنسبة إلى أصحابهما فيكون بمعنى قدّامهما بل بمعنى بعدهما أو من غيرهما، كقوله: [الأنبياء، الآية:98]. { جنّتان } للمقرّبين السابقين، جنة الروح وجنة الذات في عين الجمع عند الشهود الذاتي بعد المشاهدة في مقام الروح { مدهامّتان } أي: في غاية البهجة والحسن والنضارة. { فيهما عينان نضاختان } أي: علم توحيد الذات وتوحيد الصفات أعني علم الفناء وعلم المشاهدة فإنهما ينبعان فيهما، بل العلمان المذكوران الجاريان في الجنتين المذكورتين منبعهما من هاتين الجنّتين ينبعان منهما ويجريان إلى تينك. { فيهما فاكهة } وأيّ فاكهة؟! فاكهة لا يعلم كنهها ولا يعرف قدرها من أنواع المشاهدات والأنوار والتجليات والسبحات { ونخل } أي: ما فيه طعام وتفكه، وهو مشاهدة الأنوار وتجليات الجمال والجلال في مقام الروح وجنّته مع بقاء نوى الأنية المتقوتة منها المتلذذة بها { ورمان } أي ما فيه تفكه ودواء في مقام الجمع وجنة الذات أي: الشهود الذاتي بالفناء المحض الذي لا أنية فيه فتطعم بل اللذة الصرفة ودواء مرض ظهور البقية بالتلوين، فإن في الرمان صورة الجمع مكنونة في قشر الصورة الإنسانية. { فيهنّ خيرات حسان } أي: أنوار محضة وسبحات صرفة لا شائبة للشر والإمكان، فيها حسان من تجليات الجمال والجلال ومحاسن الصفات. { حور مقصورات في الخيام أي: مخدّرات في حضرات الأسماء بل حضرة الوحدة والأحدية لا تبرز منها بالانكشاف لمن دونها وليس وراءها حد ومرتبة ترتقي إليها وتنظر إلى ما فوقها فهي مقصورة فيها.
55,61,{ هل جزاء الإحسان } في العمل وهو العبادة مع الحضور { إلاَّ الإحسان } في الثواب بحصول الكمال والوصول إلى الجنّتين المذكورتين. { ومن دونهما } أي: من ورائهما من مكان قريب منهما كما تقول: دونك الأسد، لا من دونهما بالنسبة إلى أصحابهما فيكون بمعنى قدّامهما بل بمعنى بعدهما أو من غيرهما، كقوله: [الأنبياء، الآية:98]. { جنّتان } للمقرّبين السابقين، جنة الروح وجنة الذات في عين الجمع عند الشهود الذاتي بعد المشاهدة في مقام الروح { مدهامّتان } أي: في غاية البهجة والحسن والنضارة. { فيهما عينان نضاختان } أي: علم توحيد الذات وتوحيد الصفات أعني علم الفناء وعلم المشاهدة فإنهما ينبعان فيهما، بل العلمان المذكوران الجاريان في الجنتين المذكورتين منبعهما من هاتين الجنّتين ينبعان منهما ويجريان إلى تينك. { فيهما فاكهة } وأيّ فاكهة؟! فاكهة لا يعلم كنهها ولا يعرف قدرها من أنواع المشاهدات والأنوار والتجليات والسبحات { ونخل } أي: ما فيه طعام وتفكه، وهو مشاهدة الأنوار وتجليات الجمال والجلال في مقام الروح وجنّته مع بقاء نوى الأنية المتقوتة منها المتلذذة بها { ورمان } أي ما فيه تفكه ودواء في مقام الجمع وجنة الذات أي: الشهود الذاتي بالفناء المحض الذي لا أنية فيه فتطعم بل اللذة الصرفة ودواء مرض ظهور البقية بالتلوين، فإن في الرمان صورة الجمع مكنونة في قشر الصورة الإنسانية. { فيهنّ خيرات حسان } أي: أنوار محضة وسبحات صرفة لا شائبة للشر والإمكان، فيها حسان من تجليات الجمال والجلال ومحاسن الصفات. { حور مقصورات في الخيام أي: مخدّرات في حضرات الأسماء بل حضرة الوحدة والأحدية لا تبرز منها بالانكشاف لمن دونها وليس وراءها حد ومرتبة ترتقي إليها وتنظر إلى ما فوقها فهي مقصورة فيها.
55,62,{ هل جزاء الإحسان } في العمل وهو العبادة مع الحضور { إلاَّ الإحسان } في الثواب بحصول الكمال والوصول إلى الجنّتين المذكورتين. { ومن دونهما } أي: من ورائهما من مكان قريب منهما كما تقول: دونك الأسد، لا من دونهما بالنسبة إلى أصحابهما فيكون بمعنى قدّامهما بل بمعنى بعدهما أو من غيرهما، كقوله: [الأنبياء، الآية:98]. { جنّتان } للمقرّبين السابقين، جنة الروح وجنة الذات في عين الجمع عند الشهود الذاتي بعد المشاهدة في مقام الروح { مدهامّتان } أي: في غاية البهجة والحسن والنضارة. { فيهما عينان نضاختان } أي: علم توحيد الذات وتوحيد الصفات أعني علم الفناء وعلم المشاهدة فإنهما ينبعان فيهما، بل العلمان المذكوران الجاريان في الجنتين المذكورتين منبعهما من هاتين الجنّتين ينبعان منهما ويجريان إلى تينك. { فيهما فاكهة } وأيّ فاكهة؟! فاكهة لا يعلم كنهها ولا يعرف قدرها من أنواع المشاهدات والأنوار والتجليات والسبحات { ونخل } أي: ما فيه طعام وتفكه، وهو مشاهدة الأنوار وتجليات الجمال والجلال في مقام الروح وجنّته مع بقاء نوى الأنية المتقوتة منها المتلذذة بها { ورمان } أي ما فيه تفكه ودواء في مقام الجمع وجنة الذات أي: الشهود الذاتي بالفناء المحض الذي لا أنية فيه فتطعم بل اللذة الصرفة ودواء مرض ظهور البقية بالتلوين، فإن في الرمان صورة الجمع مكنونة في قشر الصورة الإنسانية. { فيهنّ خيرات حسان } أي: أنوار محضة وسبحات صرفة لا شائبة للشر والإمكان، فيها حسان من تجليات الجمال والجلال ومحاسن الصفات. { حور مقصورات في الخيام أي: مخدّرات في حضرات الأسماء بل حضرة الوحدة والأحدية لا تبرز منها بالانكشاف لمن دونها وليس وراءها حد ومرتبة ترتقي إليها وتنظر إلى ما فوقها فهي مقصورة فيها.
55,63,{ هل جزاء الإحسان } في العمل وهو العبادة مع الحضور { إلاَّ الإحسان } في الثواب بحصول الكمال والوصول إلى الجنّتين المذكورتين. { ومن دونهما } أي: من ورائهما من مكان قريب منهما كما تقول: دونك الأسد، لا من دونهما بالنسبة إلى أصحابهما فيكون بمعنى قدّامهما بل بمعنى بعدهما أو من غيرهما، كقوله: [الأنبياء، الآية:98]. { جنّتان } للمقرّبين السابقين، جنة الروح وجنة الذات في عين الجمع عند الشهود الذاتي بعد المشاهدة في مقام الروح { مدهامّتان } أي: في غاية البهجة والحسن والنضارة. { فيهما عينان نضاختان } أي: علم توحيد الذات وتوحيد الصفات أعني علم الفناء وعلم المشاهدة فإنهما ينبعان فيهما، بل العلمان المذكوران الجاريان في الجنتين المذكورتين منبعهما من هاتين الجنّتين ينبعان منهما ويجريان إلى تينك. { فيهما فاكهة } وأيّ فاكهة؟! فاكهة لا يعلم كنهها ولا يعرف قدرها من أنواع المشاهدات والأنوار والتجليات والسبحات { ونخل } أي: ما فيه طعام وتفكه، وهو مشاهدة الأنوار وتجليات الجمال والجلال في مقام الروح وجنّته مع بقاء نوى الأنية المتقوتة منها المتلذذة بها { ورمان } أي ما فيه تفكه ودواء في مقام الجمع وجنة الذات أي: الشهود الذاتي بالفناء المحض الذي لا أنية فيه فتطعم بل اللذة الصرفة ودواء مرض ظهور البقية بالتلوين، فإن في الرمان صورة الجمع مكنونة في قشر الصورة الإنسانية. { فيهنّ خيرات حسان } أي: أنوار محضة وسبحات صرفة لا شائبة للشر والإمكان، فيها حسان من تجليات الجمال والجلال ومحاسن الصفات. { حور مقصورات في الخيام أي: مخدّرات في حضرات الأسماء بل حضرة الوحدة والأحدية لا تبرز منها بالانكشاف لمن دونها وليس وراءها حد ومرتبة ترتقي إليها وتنظر إلى ما فوقها فهي مقصورة فيها.
55,64,{ هل جزاء الإحسان } في العمل وهو العبادة مع الحضور { إلاَّ الإحسان } في الثواب بحصول الكمال والوصول إلى الجنّتين المذكورتين. { ومن دونهما } أي: من ورائهما من مكان قريب منهما كما تقول: دونك الأسد، لا من دونهما بالنسبة إلى أصحابهما فيكون بمعنى قدّامهما بل بمعنى بعدهما أو من غيرهما، كقوله: [الأنبياء، الآية:98]. { جنّتان } للمقرّبين السابقين، جنة الروح وجنة الذات في عين الجمع عند الشهود الذاتي بعد المشاهدة في مقام الروح { مدهامّتان } أي: في غاية البهجة والحسن والنضارة. { فيهما عينان نضاختان } أي: علم توحيد الذات وتوحيد الصفات أعني علم الفناء وعلم المشاهدة فإنهما ينبعان فيهما، بل العلمان المذكوران الجاريان في الجنتين المذكورتين منبعهما من هاتين الجنّتين ينبعان منهما ويجريان إلى تينك. { فيهما فاكهة } وأيّ فاكهة؟! فاكهة لا يعلم كنهها ولا يعرف قدرها من أنواع المشاهدات والأنوار والتجليات والسبحات { ونخل } أي: ما فيه طعام وتفكه، وهو مشاهدة الأنوار وتجليات الجمال والجلال في مقام الروح وجنّته مع بقاء نوى الأنية المتقوتة منها المتلذذة بها { ورمان } أي ما فيه تفكه ودواء في مقام الجمع وجنة الذات أي: الشهود الذاتي بالفناء المحض الذي لا أنية فيه فتطعم بل اللذة الصرفة ودواء مرض ظهور البقية بالتلوين، فإن في الرمان صورة الجمع مكنونة في قشر الصورة الإنسانية. { فيهنّ خيرات حسان } أي: أنوار محضة وسبحات صرفة لا شائبة للشر والإمكان، فيها حسان من تجليات الجمال والجلال ومحاسن الصفات. { حور مقصورات في الخيام أي: مخدّرات في حضرات الأسماء بل حضرة الوحدة والأحدية لا تبرز منها بالانكشاف لمن دونها وليس وراءها حد ومرتبة ترتقي إليها وتنظر إلى ما فوقها فهي مقصورة فيها.
55,65,{ هل جزاء الإحسان } في العمل وهو العبادة مع الحضور { إلاَّ الإحسان } في الثواب بحصول الكمال والوصول إلى الجنّتين المذكورتين. { ومن دونهما } أي: من ورائهما من مكان قريب منهما كما تقول: دونك الأسد، لا من دونهما بالنسبة إلى أصحابهما فيكون بمعنى قدّامهما بل بمعنى بعدهما أو من غيرهما، كقوله: [الأنبياء، الآية:98]. { جنّتان } للمقرّبين السابقين، جنة الروح وجنة الذات في عين الجمع عند الشهود الذاتي بعد المشاهدة في مقام الروح { مدهامّتان } أي: في غاية البهجة والحسن والنضارة. { فيهما عينان نضاختان } أي: علم توحيد الذات وتوحيد الصفات أعني علم الفناء وعلم المشاهدة فإنهما ينبعان فيهما، بل العلمان المذكوران الجاريان في الجنتين المذكورتين منبعهما من هاتين الجنّتين ينبعان منهما ويجريان إلى تينك. { فيهما فاكهة } وأيّ فاكهة؟! فاكهة لا يعلم كنهها ولا يعرف قدرها من أنواع المشاهدات والأنوار والتجليات والسبحات { ونخل } أي: ما فيه طعام وتفكه، وهو مشاهدة الأنوار وتجليات الجمال والجلال في مقام الروح وجنّته مع بقاء نوى الأنية المتقوتة منها المتلذذة بها { ورمان } أي ما فيه تفكه ودواء في مقام الجمع وجنة الذات أي: الشهود الذاتي بالفناء المحض الذي لا أنية فيه فتطعم بل اللذة الصرفة ودواء مرض ظهور البقية بالتلوين، فإن في الرمان صورة الجمع مكنونة في قشر الصورة الإنسانية. { فيهنّ خيرات حسان } أي: أنوار محضة وسبحات صرفة لا شائبة للشر والإمكان، فيها حسان من تجليات الجمال والجلال ومحاسن الصفات. { حور مقصورات في الخيام أي: مخدّرات في حضرات الأسماء بل حضرة الوحدة والأحدية لا تبرز منها بالانكشاف لمن دونها وليس وراءها حد ومرتبة ترتقي إليها وتنظر إلى ما فوقها فهي مقصورة فيها.
55,66,{ هل جزاء الإحسان } في العمل وهو العبادة مع الحضور { إلاَّ الإحسان } في الثواب بحصول الكمال والوصول إلى الجنّتين المذكورتين. { ومن دونهما } أي: من ورائهما من مكان قريب منهما كما تقول: دونك الأسد، لا من دونهما بالنسبة إلى أصحابهما فيكون بمعنى قدّامهما بل بمعنى بعدهما أو من غيرهما، كقوله: [الأنبياء، الآية:98]. { جنّتان } للمقرّبين السابقين، جنة الروح وجنة الذات في عين الجمع عند الشهود الذاتي بعد المشاهدة في مقام الروح { مدهامّتان } أي: في غاية البهجة والحسن والنضارة. { فيهما عينان نضاختان } أي: علم توحيد الذات وتوحيد الصفات أعني علم الفناء وعلم المشاهدة فإنهما ينبعان فيهما، بل العلمان المذكوران الجاريان في الجنتين المذكورتين منبعهما من هاتين الجنّتين ينبعان منهما ويجريان إلى تينك. { فيهما فاكهة } وأيّ فاكهة؟! فاكهة لا يعلم كنهها ولا يعرف قدرها من أنواع المشاهدات والأنوار والتجليات والسبحات { ونخل } أي: ما فيه طعام وتفكه، وهو مشاهدة الأنوار وتجليات الجمال والجلال في مقام الروح وجنّته مع بقاء نوى الأنية المتقوتة منها المتلذذة بها { ورمان } أي ما فيه تفكه ودواء في مقام الجمع وجنة الذات أي: الشهود الذاتي بالفناء المحض الذي لا أنية فيه فتطعم بل اللذة الصرفة ودواء مرض ظهور البقية بالتلوين، فإن في الرمان صورة الجمع مكنونة في قشر الصورة الإنسانية. { فيهنّ خيرات حسان } أي: أنوار محضة وسبحات صرفة لا شائبة للشر والإمكان، فيها حسان من تجليات الجمال والجلال ومحاسن الصفات. { حور مقصورات في الخيام أي: مخدّرات في حضرات الأسماء بل حضرة الوحدة والأحدية لا تبرز منها بالانكشاف لمن دونها وليس وراءها حد ومرتبة ترتقي إليها وتنظر إلى ما فوقها فهي مقصورة فيها.
55,67,{ هل جزاء الإحسان } في العمل وهو العبادة مع الحضور { إلاَّ الإحسان } في الثواب بحصول الكمال والوصول إلى الجنّتين المذكورتين. { ومن دونهما } أي: من ورائهما من مكان قريب منهما كما تقول: دونك الأسد، لا من دونهما بالنسبة إلى أصحابهما فيكون بمعنى قدّامهما بل بمعنى بعدهما أو من غيرهما، كقوله: [الأنبياء، الآية:98]. { جنّتان } للمقرّبين السابقين، جنة الروح وجنة الذات في عين الجمع عند الشهود الذاتي بعد المشاهدة في مقام الروح { مدهامّتان } أي: في غاية البهجة والحسن والنضارة. { فيهما عينان نضاختان } أي: علم توحيد الذات وتوحيد الصفات أعني علم الفناء وعلم المشاهدة فإنهما ينبعان فيهما، بل العلمان المذكوران الجاريان في الجنتين المذكورتين منبعهما من هاتين الجنّتين ينبعان منهما ويجريان إلى تينك. { فيهما فاكهة } وأيّ فاكهة؟! فاكهة لا يعلم كنهها ولا يعرف قدرها من أنواع المشاهدات والأنوار والتجليات والسبحات { ونخل } أي: ما فيه طعام وتفكه، وهو مشاهدة الأنوار وتجليات الجمال والجلال في مقام الروح وجنّته مع بقاء نوى الأنية المتقوتة منها المتلذذة بها { ورمان } أي ما فيه تفكه ودواء في مقام الجمع وجنة الذات أي: الشهود الذاتي بالفناء المحض الذي لا أنية فيه فتطعم بل اللذة الصرفة ودواء مرض ظهور البقية بالتلوين، فإن في الرمان صورة الجمع مكنونة في قشر الصورة الإنسانية. { فيهنّ خيرات حسان } أي: أنوار محضة وسبحات صرفة لا شائبة للشر والإمكان، فيها حسان من تجليات الجمال والجلال ومحاسن الصفات. { حور مقصورات في الخيام أي: مخدّرات في حضرات الأسماء بل حضرة الوحدة والأحدية لا تبرز منها بالانكشاف لمن دونها وليس وراءها حد ومرتبة ترتقي إليها وتنظر إلى ما فوقها فهي مقصورة فيها.
55,68,{ هل جزاء الإحسان } في العمل وهو العبادة مع الحضور { إلاَّ الإحسان } في الثواب بحصول الكمال والوصول إلى الجنّتين المذكورتين. { ومن دونهما } أي: من ورائهما من مكان قريب منهما كما تقول: دونك الأسد، لا من دونهما بالنسبة إلى أصحابهما فيكون بمعنى قدّامهما بل بمعنى بعدهما أو من غيرهما، كقوله: [الأنبياء، الآية:98]. { جنّتان } للمقرّبين السابقين، جنة الروح وجنة الذات في عين الجمع عند الشهود الذاتي بعد المشاهدة في مقام الروح { مدهامّتان } أي: في غاية البهجة والحسن والنضارة. { فيهما عينان نضاختان } أي: علم توحيد الذات وتوحيد الصفات أعني علم الفناء وعلم المشاهدة فإنهما ينبعان فيهما، بل العلمان المذكوران الجاريان في الجنتين المذكورتين منبعهما من هاتين الجنّتين ينبعان منهما ويجريان إلى تينك. { فيهما فاكهة } وأيّ فاكهة؟! فاكهة لا يعلم كنهها ولا يعرف قدرها من أنواع المشاهدات والأنوار والتجليات والسبحات { ونخل } أي: ما فيه طعام وتفكه، وهو مشاهدة الأنوار وتجليات الجمال والجلال في مقام الروح وجنّته مع بقاء نوى الأنية المتقوتة منها المتلذذة بها { ورمان } أي ما فيه تفكه ودواء في مقام الجمع وجنة الذات أي: الشهود الذاتي بالفناء المحض الذي لا أنية فيه فتطعم بل اللذة الصرفة ودواء مرض ظهور البقية بالتلوين، فإن في الرمان صورة الجمع مكنونة في قشر الصورة الإنسانية. { فيهنّ خيرات حسان } أي: أنوار محضة وسبحات صرفة لا شائبة للشر والإمكان، فيها حسان من تجليات الجمال والجلال ومحاسن الصفات. { حور مقصورات في الخيام أي: مخدّرات في حضرات الأسماء بل حضرة الوحدة والأحدية لا تبرز منها بالانكشاف لمن دونها وليس وراءها حد ومرتبة ترتقي إليها وتنظر إلى ما فوقها فهي مقصورة فيها.
55,69,{ هل جزاء الإحسان } في العمل وهو العبادة مع الحضور { إلاَّ الإحسان } في الثواب بحصول الكمال والوصول إلى الجنّتين المذكورتين. { ومن دونهما } أي: من ورائهما من مكان قريب منهما كما تقول: دونك الأسد، لا من دونهما بالنسبة إلى أصحابهما فيكون بمعنى قدّامهما بل بمعنى بعدهما أو من غيرهما، كقوله: [الأنبياء، الآية:98]. { جنّتان } للمقرّبين السابقين، جنة الروح وجنة الذات في عين الجمع عند الشهود الذاتي بعد المشاهدة في مقام الروح { مدهامّتان } أي: في غاية البهجة والحسن والنضارة. { فيهما عينان نضاختان } أي: علم توحيد الذات وتوحيد الصفات أعني علم الفناء وعلم المشاهدة فإنهما ينبعان فيهما، بل العلمان المذكوران الجاريان في الجنتين المذكورتين منبعهما من هاتين الجنّتين ينبعان منهما ويجريان إلى تينك. { فيهما فاكهة } وأيّ فاكهة؟! فاكهة لا يعلم كنهها ولا يعرف قدرها من أنواع المشاهدات والأنوار والتجليات والسبحات { ونخل } أي: ما فيه طعام وتفكه، وهو مشاهدة الأنوار وتجليات الجمال والجلال في مقام الروح وجنّته مع بقاء نوى الأنية المتقوتة منها المتلذذة بها { ورمان } أي ما فيه تفكه ودواء في مقام الجمع وجنة الذات أي: الشهود الذاتي بالفناء المحض الذي لا أنية فيه فتطعم بل اللذة الصرفة ودواء مرض ظهور البقية بالتلوين، فإن في الرمان صورة الجمع مكنونة في قشر الصورة الإنسانية. { فيهنّ خيرات حسان } أي: أنوار محضة وسبحات صرفة لا شائبة للشر والإمكان، فيها حسان من تجليات الجمال والجلال ومحاسن الصفات. { حور مقصورات في الخيام أي: مخدّرات في حضرات الأسماء بل حضرة الوحدة والأحدية لا تبرز منها بالانكشاف لمن دونها وليس وراءها حد ومرتبة ترتقي إليها وتنظر إلى ما فوقها فهي مقصورة فيها.
55,70,{ هل جزاء الإحسان } في العمل وهو العبادة مع الحضور { إلاَّ الإحسان } في الثواب بحصول الكمال والوصول إلى الجنّتين المذكورتين. { ومن دونهما } أي: من ورائهما من مكان قريب منهما كما تقول: دونك الأسد، لا من دونهما بالنسبة إلى أصحابهما فيكون بمعنى قدّامهما بل بمعنى بعدهما أو من غيرهما، كقوله: [الأنبياء، الآية:98]. { جنّتان } للمقرّبين السابقين، جنة الروح وجنة الذات في عين الجمع عند الشهود الذاتي بعد المشاهدة في مقام الروح { مدهامّتان } أي: في غاية البهجة والحسن والنضارة. { فيهما عينان نضاختان } أي: علم توحيد الذات وتوحيد الصفات أعني علم الفناء وعلم المشاهدة فإنهما ينبعان فيهما، بل العلمان المذكوران الجاريان في الجنتين المذكورتين منبعهما من هاتين الجنّتين ينبعان منهما ويجريان إلى تينك. { فيهما فاكهة } وأيّ فاكهة؟! فاكهة لا يعلم كنهها ولا يعرف قدرها من أنواع المشاهدات والأنوار والتجليات والسبحات { ونخل } أي: ما فيه طعام وتفكه، وهو مشاهدة الأنوار وتجليات الجمال والجلال في مقام الروح وجنّته مع بقاء نوى الأنية المتقوتة منها المتلذذة بها { ورمان } أي ما فيه تفكه ودواء في مقام الجمع وجنة الذات أي: الشهود الذاتي بالفناء المحض الذي لا أنية فيه فتطعم بل اللذة الصرفة ودواء مرض ظهور البقية بالتلوين، فإن في الرمان صورة الجمع مكنونة في قشر الصورة الإنسانية. { فيهنّ خيرات حسان } أي: أنوار محضة وسبحات صرفة لا شائبة للشر والإمكان، فيها حسان من تجليات الجمال والجلال ومحاسن الصفات. { حور مقصورات في الخيام أي: مخدّرات في حضرات الأسماء بل حضرة الوحدة والأحدية لا تبرز منها بالانكشاف لمن دونها وليس وراءها حد ومرتبة ترتقي إليها وتنظر إلى ما فوقها فهي مقصورة فيها.
55,71,{ هل جزاء الإحسان } في العمل وهو العبادة مع الحضور { إلاَّ الإحسان } في الثواب بحصول الكمال والوصول إلى الجنّتين المذكورتين. { ومن دونهما } أي: من ورائهما من مكان قريب منهما كما تقول: دونك الأسد، لا من دونهما بالنسبة إلى أصحابهما فيكون بمعنى قدّامهما بل بمعنى بعدهما أو من غيرهما، كقوله: [الأنبياء، الآية:98]. { جنّتان } للمقرّبين السابقين، جنة الروح وجنة الذات في عين الجمع عند الشهود الذاتي بعد المشاهدة في مقام الروح { مدهامّتان } أي: في غاية البهجة والحسن والنضارة. { فيهما عينان نضاختان } أي: علم توحيد الذات وتوحيد الصفات أعني علم الفناء وعلم المشاهدة فإنهما ينبعان فيهما، بل العلمان المذكوران الجاريان في الجنتين المذكورتين منبعهما من هاتين الجنّتين ينبعان منهما ويجريان إلى تينك. { فيهما فاكهة } وأيّ فاكهة؟! فاكهة لا يعلم كنهها ولا يعرف قدرها من أنواع المشاهدات والأنوار والتجليات والسبحات { ونخل } أي: ما فيه طعام وتفكه، وهو مشاهدة الأنوار وتجليات الجمال والجلال في مقام الروح وجنّته مع بقاء نوى الأنية المتقوتة منها المتلذذة بها { ورمان } أي ما فيه تفكه ودواء في مقام الجمع وجنة الذات أي: الشهود الذاتي بالفناء المحض الذي لا أنية فيه فتطعم بل اللذة الصرفة ودواء مرض ظهور البقية بالتلوين، فإن في الرمان صورة الجمع مكنونة في قشر الصورة الإنسانية. { فيهنّ خيرات حسان } أي: أنوار محضة وسبحات صرفة لا شائبة للشر والإمكان، فيها حسان من تجليات الجمال والجلال ومحاسن الصفات. { حور مقصورات في الخيام أي: مخدّرات في حضرات الأسماء بل حضرة الوحدة والأحدية لا تبرز منها بالانكشاف لمن دونها وليس وراءها حد ومرتبة ترتقي إليها وتنظر إلى ما فوقها فهي مقصورة فيها.
55,72,{ هل جزاء الإحسان } في العمل وهو العبادة مع الحضور { إلاَّ الإحسان } في الثواب بحصول الكمال والوصول إلى الجنّتين المذكورتين. { ومن دونهما } أي: من ورائهما من مكان قريب منهما كما تقول: دونك الأسد، لا من دونهما بالنسبة إلى أصحابهما فيكون بمعنى قدّامهما بل بمعنى بعدهما أو من غيرهما، كقوله: [الأنبياء، الآية:98]. { جنّتان } للمقرّبين السابقين، جنة الروح وجنة الذات في عين الجمع عند الشهود الذاتي بعد المشاهدة في مقام الروح { مدهامّتان } أي: في غاية البهجة والحسن والنضارة. { فيهما عينان نضاختان } أي: علم توحيد الذات وتوحيد الصفات أعني علم الفناء وعلم المشاهدة فإنهما ينبعان فيهما، بل العلمان المذكوران الجاريان في الجنتين المذكورتين منبعهما من هاتين الجنّتين ينبعان منهما ويجريان إلى تينك. { فيهما فاكهة } وأيّ فاكهة؟! فاكهة لا يعلم كنهها ولا يعرف قدرها من أنواع المشاهدات والأنوار والتجليات والسبحات { ونخل } أي: ما فيه طعام وتفكه، وهو مشاهدة الأنوار وتجليات الجمال والجلال في مقام الروح وجنّته مع بقاء نوى الأنية المتقوتة منها المتلذذة بها { ورمان } أي ما فيه تفكه ودواء في مقام الجمع وجنة الذات أي: الشهود الذاتي بالفناء المحض الذي لا أنية فيه فتطعم بل اللذة الصرفة ودواء مرض ظهور البقية بالتلوين، فإن في الرمان صورة الجمع مكنونة في قشر الصورة الإنسانية. { فيهنّ خيرات حسان } أي: أنوار محضة وسبحات صرفة لا شائبة للشر والإمكان، فيها حسان من تجليات الجمال والجلال ومحاسن الصفات. { حور مقصورات في الخيام أي: مخدّرات في حضرات الأسماء بل حضرة الوحدة والأحدية لا تبرز منها بالانكشاف لمن دونها وليس وراءها حد ومرتبة ترتقي إليها وتنظر إلى ما فوقها فهي مقصورة فيها.
55,73,{ هل جزاء الإحسان } في العمل وهو العبادة مع الحضور { إلاَّ الإحسان } في الثواب بحصول الكمال والوصول إلى الجنّتين المذكورتين. { ومن دونهما } أي: من ورائهما من مكان قريب منهما كما تقول: دونك الأسد، لا من دونهما بالنسبة إلى أصحابهما فيكون بمعنى قدّامهما بل بمعنى بعدهما أو من غيرهما، كقوله: [الأنبياء، الآية:98]. { جنّتان } للمقرّبين السابقين، جنة الروح وجنة الذات في عين الجمع عند الشهود الذاتي بعد المشاهدة في مقام الروح { مدهامّتان } أي: في غاية البهجة والحسن والنضارة. { فيهما عينان نضاختان } أي: علم توحيد الذات وتوحيد الصفات أعني علم الفناء وعلم المشاهدة فإنهما ينبعان فيهما، بل العلمان المذكوران الجاريان في الجنتين المذكورتين منبعهما من هاتين الجنّتين ينبعان منهما ويجريان إلى تينك. { فيهما فاكهة } وأيّ فاكهة؟! فاكهة لا يعلم كنهها ولا يعرف قدرها من أنواع المشاهدات والأنوار والتجليات والسبحات { ونخل } أي: ما فيه طعام وتفكه، وهو مشاهدة الأنوار وتجليات الجمال والجلال في مقام الروح وجنّته مع بقاء نوى الأنية المتقوتة منها المتلذذة بها { ورمان } أي ما فيه تفكه ودواء في مقام الجمع وجنة الذات أي: الشهود الذاتي بالفناء المحض الذي لا أنية فيه فتطعم بل اللذة الصرفة ودواء مرض ظهور البقية بالتلوين، فإن في الرمان صورة الجمع مكنونة في قشر الصورة الإنسانية. { فيهنّ خيرات حسان } أي: أنوار محضة وسبحات صرفة لا شائبة للشر والإمكان، فيها حسان من تجليات الجمال والجلال ومحاسن الصفات. { حور مقصورات في الخيام أي: مخدّرات في حضرات الأسماء بل حضرة الوحدة والأحدية لا تبرز منها بالانكشاف لمن دونها وليس وراءها حد ومرتبة ترتقي إليها وتنظر إلى ما فوقها فهي مقصورة فيها.
55,74,{ هل جزاء الإحسان } في العمل وهو العبادة مع الحضور { إلاَّ الإحسان } في الثواب بحصول الكمال والوصول إلى الجنّتين المذكورتين. { ومن دونهما } أي: من ورائهما من مكان قريب منهما كما تقول: دونك الأسد، لا من دونهما بالنسبة إلى أصحابهما فيكون بمعنى قدّامهما بل بمعنى بعدهما أو من غيرهما، كقوله: [الأنبياء، الآية:98]. { جنّتان } للمقرّبين السابقين، جنة الروح وجنة الذات في عين الجمع عند الشهود الذاتي بعد المشاهدة في مقام الروح { مدهامّتان } أي: في غاية البهجة والحسن والنضارة. { فيهما عينان نضاختان } أي: علم توحيد الذات وتوحيد الصفات أعني علم الفناء وعلم المشاهدة فإنهما ينبعان فيهما، بل العلمان المذكوران الجاريان في الجنتين المذكورتين منبعهما من هاتين الجنّتين ينبعان منهما ويجريان إلى تينك. { فيهما فاكهة } وأيّ فاكهة؟! فاكهة لا يعلم كنهها ولا يعرف قدرها من أنواع المشاهدات والأنوار والتجليات والسبحات { ونخل } أي: ما فيه طعام وتفكه، وهو مشاهدة الأنوار وتجليات الجمال والجلال في مقام الروح وجنّته مع بقاء نوى الأنية المتقوتة منها المتلذذة بها { ورمان } أي ما فيه تفكه ودواء في مقام الجمع وجنة الذات أي: الشهود الذاتي بالفناء المحض الذي لا أنية فيه فتطعم بل اللذة الصرفة ودواء مرض ظهور البقية بالتلوين، فإن في الرمان صورة الجمع مكنونة في قشر الصورة الإنسانية. { فيهنّ خيرات حسان } أي: أنوار محضة وسبحات صرفة لا شائبة للشر والإمكان، فيها حسان من تجليات الجمال والجلال ومحاسن الصفات. { حور مقصورات في الخيام أي: مخدّرات في حضرات الأسماء بل حضرة الوحدة والأحدية لا تبرز منها بالانكشاف لمن دونها وليس وراءها حد ومرتبة ترتقي إليها وتنظر إلى ما فوقها فهي مقصورة فيها.
55,75,{ هل جزاء الإحسان } في العمل وهو العبادة مع الحضور { إلاَّ الإحسان } في الثواب بحصول الكمال والوصول إلى الجنّتين المذكورتين. { ومن دونهما } أي: من ورائهما من مكان قريب منهما كما تقول: دونك الأسد، لا من دونهما بالنسبة إلى أصحابهما فيكون بمعنى قدّامهما بل بمعنى بعدهما أو من غيرهما، كقوله: [الأنبياء، الآية:98]. { جنّتان } للمقرّبين السابقين، جنة الروح وجنة الذات في عين الجمع عند الشهود الذاتي بعد المشاهدة في مقام الروح { مدهامّتان } أي: في غاية البهجة والحسن والنضارة. { فيهما عينان نضاختان } أي: علم توحيد الذات وتوحيد الصفات أعني علم الفناء وعلم المشاهدة فإنهما ينبعان فيهما، بل العلمان المذكوران الجاريان في الجنتين المذكورتين منبعهما من هاتين الجنّتين ينبعان منهما ويجريان إلى تينك. { فيهما فاكهة } وأيّ فاكهة؟! فاكهة لا يعلم كنهها ولا يعرف قدرها من أنواع المشاهدات والأنوار والتجليات والسبحات { ونخل } أي: ما فيه طعام وتفكه، وهو مشاهدة الأنوار وتجليات الجمال والجلال في مقام الروح وجنّته مع بقاء نوى الأنية المتقوتة منها المتلذذة بها { ورمان } أي ما فيه تفكه ودواء في مقام الجمع وجنة الذات أي: الشهود الذاتي بالفناء المحض الذي لا أنية فيه فتطعم بل اللذة الصرفة ودواء مرض ظهور البقية بالتلوين، فإن في الرمان صورة الجمع مكنونة في قشر الصورة الإنسانية. { فيهنّ خيرات حسان } أي: أنوار محضة وسبحات صرفة لا شائبة للشر والإمكان، فيها حسان من تجليات الجمال والجلال ومحاسن الصفات. { حور مقصورات في الخيام أي: مخدّرات في حضرات الأسماء بل حضرة الوحدة والأحدية لا تبرز منها بالانكشاف لمن دونها وليس وراءها حد ومرتبة ترتقي إليها وتنظر إلى ما فوقها فهي مقصورة فيها.
55,76,{ متكئين على رفرف خضر } الرفرف نوع من الثياب عريض، لطيف في غاية اللطافة، والمراد: نور الذات الذي هو في غاية البهجة واللطافة أو نور الصفات حال البقاء بعد الفناء والاستناد إلى صمدية الوجود المطلق والتحقق به { وعبقريّ حسان } العبقريّ في اللغة: ثوب غريب منسوب إلى عبقر تزعم العرب أنه بلد الجن، أي: الوجود الموهوب الحقاني الغريب الموصوف بصفاته المتجلية في غاية الحسن الذي هو منسوب إلى عالم الغيب بل غيب الغيب الذي لا يعلم أحد أين هو. { تبارك } أي: تعالى وتعاظم { اسم ربّك } أي: الاسم الأعظم الذي به تزيد وترتقي مرتبة السالكين من البداية إلى النهاية حتى الوصول إليه والفوز به { ذو الجلال والإكرام } أي: الجلال في صورة الجمال والجمال في صورة الجلال اللذان لا يحجب أحدهما عن الآخر عند البقاء بعد الفناء للمحبوبين المحبين السابقين إلى غاية الدرجات بخلاف الجلال والإكرام المذكورين قبل،فإنهما هناك يحجب أحدهما عن الآخر لعدم تحقق الفاني بالوجود الحقاني والرجوع إلى تفاصيل الصفات وشهودها في عين الجمع.
55,77,{ متكئين على رفرف خضر } الرفرف نوع من الثياب عريض، لطيف في غاية اللطافة، والمراد: نور الذات الذي هو في غاية البهجة واللطافة أو نور الصفات حال البقاء بعد الفناء والاستناد إلى صمدية الوجود المطلق والتحقق به { وعبقريّ حسان } العبقريّ في اللغة: ثوب غريب منسوب إلى عبقر تزعم العرب أنه بلد الجن، أي: الوجود الموهوب الحقاني الغريب الموصوف بصفاته المتجلية في غاية الحسن الذي هو منسوب إلى عالم الغيب بل غيب الغيب الذي لا يعلم أحد أين هو. { تبارك } أي: تعالى وتعاظم { اسم ربّك } أي: الاسم الأعظم الذي به تزيد وترتقي مرتبة السالكين من البداية إلى النهاية حتى الوصول إليه والفوز به { ذو الجلال والإكرام } أي: الجلال في صورة الجمال والجمال في صورة الجلال اللذان لا يحجب أحدهما عن الآخر عند البقاء بعد الفناء للمحبوبين المحبين السابقين إلى غاية الدرجات بخلاف الجلال والإكرام المذكورين قبل،فإنهما هناك يحجب أحدهما عن الآخر لعدم تحقق الفاني بالوجود الحقاني والرجوع إلى تفاصيل الصفات وشهودها في عين الجمع.
55,78,{ متكئين على رفرف خضر } الرفرف نوع من الثياب عريض، لطيف في غاية اللطافة، والمراد: نور الذات الذي هو في غاية البهجة واللطافة أو نور الصفات حال البقاء بعد الفناء والاستناد إلى صمدية الوجود المطلق والتحقق به { وعبقريّ حسان } العبقريّ في اللغة: ثوب غريب منسوب إلى عبقر تزعم العرب أنه بلد الجن، أي: الوجود الموهوب الحقاني الغريب الموصوف بصفاته المتجلية في غاية الحسن الذي هو منسوب إلى عالم الغيب بل غيب الغيب الذي لا يعلم أحد أين هو. { تبارك } أي: تعالى وتعاظم { اسم ربّك } أي: الاسم الأعظم الذي به تزيد وترتقي مرتبة السالكين من البداية إلى النهاية حتى الوصول إليه والفوز به { ذو الجلال والإكرام } أي: الجلال في صورة الجمال والجمال في صورة الجلال اللذان لا يحجب أحدهما عن الآخر عند البقاء بعد الفناء للمحبوبين المحبين السابقين إلى غاية الدرجات بخلاف الجلال والإكرام المذكورين قبل،فإنهما هناك يحجب أحدهما عن الآخر لعدم تحقق الفاني بالوجود الحقاني والرجوع إلى تفاصيل الصفات وشهودها في عين الجمع.
